NAME : bier127
TYPE : TSP
COMMENT : 127 Biergaerten in Augsburg (Juenger/Reinelt)
DIMENSION : 127
EDGE_WEIGHT_TYPE : EXPLICIT
EDGE_WEIGHT_FORMAT : FULL_MATRIX
EDGE_WEIGHT_SECTION
0 657 1557 1353 1661 992 419 1875 1397 1234 1276 1044 845 884 837 260 1477 2133 1612 1149 1561 1416 1402 1250 3322 2285 1775 3765 3793 1454 1629 4115 3529 1889 1166 1038 884 2320 2133 1725 1070 2320 1649 2168 2499 4154 3269 3536 3604 1051 1070 2092 3412 2066 3267 1983 1641 2625 3236 2679 2699 2865 9305 2709 5834 3396 2679 3604 5021 4538 4159 1871 2806 2738 4548 3507 2392 3382 2312 2480 4916 6809 6828 4698 7346 7489 7447 7632 6090 2349 2706 6407 4779 4519 4278 6705 5927 12004 7540 2139 11021 10723 2646 7008 592 884 9753 1095 6434 5852 6565 6150 3900 812 1101 2423 4112 3643 8623 821 1557 3641 4722 2346 5097 5912 6612 
657 0 1871 1996 1166 1612 845 2491 1945 1358 1801 1578 779 1282 1486 625 2133 2789 2253 1805 2217 2066 2030 1871 3602 2594 2208 3946 4080 1756 2117 4418 3779 1972 906 1038 884 2499 2232 1561 1297 2320 1713 1629 1914 3507 2651 2882 2965 677 419 1661 2768 1416 2787 1412 985 2706 3613 3037 2983 3186 9954 2768 5560 3045 3275 4248 5675 5180 4773 2510 3444 3388 5200 4154 3045 3995 2910 3045 5515 7378 7374 5301 7924 8071 8038 8229 6073 2691 2935 6407 4292 3863 3965 7342 5909 11977 7476 2189 11490 11238 2101 7316 1195 1513 9132 1740 7057 6423 5909 5503 3788 1358 998 2794 4698 2994 9278 1051 957 3857 4572 1860 5180 6493 6166 
1557 1871 0 1412 1972 1143 1143 1435 812 625 706 2229 1166 2303 1353 1816 1775 2208 1508 1616 1756 1526 1282 1183 4640 3624 2994 5174 5085 2873 2768 5374 4874 3412 2679 2594 2439 3777 3643 3275 2576 3862 3186 3482 3720 4667 3643 4204 4087 1548 2092 2053 3960 3072 3089 2389 2594 1250 1744 1166 1143 1323 9183 1358 4885 2825 1903 3124 4636 3968 3364 1641 2335 2458 4513 3643 2555 3830 2983 3267 5342 7312 7428 5110 6280 6434 6435 6648 4698 821 1160 4990 6153 5292 5800 5993 7448 13516 6188 928 11813 11374 3944 5467 1149 1195 10754 1358 5617 4773 7176 6581 2731 906 1101 928 4646 4218 8191 821 2201 5021 6278 2381 3613 6385 8035 
1353 1996 1412 0 2768 419 1234 580 625 1661 706 1212 1771 1513 519 1508 367 884 260 367 348 116 165 232 3449 2510 1835 4060 3857 1945 1578 4115 3700 2618 2392 2101 2003 2804 2789 2787 1860 3096 2461 3490 3841 5424 4478 4841 4857 2158 2392 3063 4682 3412 4223 3156 2972 2646 2483 2053 2253 2303 8079 2758 6291 4120 1397 2253 3693 3186 2825 519 1454 1397 3324 2349 1212 2439 1578 1875 3972 5935 6032 3741 6053 6191 6135 6312 6019 1835 2389 6288 6029 5852 5342 5353 6490 12488 7523 2332 10403 9977 3965 6231 821 493 11103 260 5089 4578 7877 7412 4141 779 1921 1812 3248 4925 7301 1402 2794 3877 5545 3372 4859 5010 7804 
1661 1166 1972 2768 0 2349 1557 3122 2461 1353 2297 2691 998 2436 2335 1744 3010 3641 2994 2699 3065 2865 2738 2576 4756 3758 3364 5065 5235 2921 3257 5575 4925 3083 1921 2168 2026 3634 3340 2547 2461 3372 2825 2030 2092 2718 1725 2232 2139 625 884 519 1996 1323 1624 419 936 2217 3574 3012 2823 3072 10846 2232 4463 1921 3788 4925 6417 5825 5291 3226 4105 4131 6088 5085 3944 5026 3968 4141 6568 8469 8488 6347 8250 8405 8407 8620 5246 2679 2679 5599 4559 3322 4601 7917 6868 12891 6571 1740 12647 12375 2392 6995 1972 2288 8804 2547 7565 6744 5220 4677 2900 1996 906 2825 5769 2253 10020 1397 419 4990 5414 696 4524 7570 6472 
992 1612 1143 419 2349 0 821 884 519 1282 493 1160 1353 1358 260 1183 706 1297 657 479 734 519 419 260 3536 2545 1889 4105 3968 1871 1649 4248 3777 2499 2101 1860 1740 2768 2699 2563 1689 2974 2312 3156 3490 5010 4060 4433 4442 1740 1996 2651 4269 3025 3816 2738 2576 2392 2491 1996 2133 2229 8497 2499 5972 3741 1689 2646 4102 3574 3169 906 1835 1805 3741 2758 1616 2806 1871 2139 4349 6303 6385 4120 6359 6502 6457 6641 5829 1725 2229 6113 5742 5454 5137 5730 6468 12505 7324 2026 10723 10325 3634 6280 419 116 10739 232 5448 4870 7469 6996 3857 367 1508 1740 3604 4513 7711 992 2381 3938 5431 2958 4711 5382 7549 
419 845 1143 1234 1557 821 0 1673 1101 837 957 1323 592 1255 779 677 1454 2092 1477 1143 1513 1323 1234 1070 3685 2648 2092 4154 4151 1835 1914 4465 3900 2303 1548 1454 1297 2718 2545 2133 1477 2738 2066 2461 2758 4191 3251 3613 3624 936 1195 1914 3449 2232 3096 1931 1771 2217 2844 2280 2285 2458 9299 2303 5515 3135 2439 3461 4922 4386 3944 1725 2646 2625 4538 3529 2389 3490 2461 2671 5037 6962 7008 4813 7080 7227 7196 7389 5689 1945 2288 6002 5110 4640 4671 6532 6342 12419 7147 1740 11262 10927 2937 6603 419 743 9966 998 6231 5578 6649 6179 3529 519 812 2026 4255 3693 8531 419 1561 4022 5139 2201 4682 6053 6964 
1875 2491 1435 580 3122 884 1673 0 677 1871 837 1775 2133 2092 1070 2056 779 845 367 936 677 592 479 625 3898 3010 2335 4538 4278 2505 2076 4513 4154 3186 2958 2679 2576 3340 3348 3366 2439 3663 3037 4036 4373 5825 4846 5273 5250 2545 2865 3346 5089 3900 4463 3529 3444 2555 2053 1713 1983 1972 7786 2671 6264 4256 821 1805 3298 2718 2285 260 985 1038 3083 2217 1183 2480 1835 2158 3946 5918 6060 3714 5487 5627 5578 5760 5774 1578 2168 6020 6599 6312 5921 4859 7004 12966 7282 2346 10490 10001 4513 5730 1297 992 11621 821 4566 4005 8305 7797 4067 1160 2229 1508 3300 5338 6898 1725 3209 4344 6106 3669 4566 4990 8381 
1397 1945 812 625 2461 519 1101 677 0 1195 165 1673 1486 1875 779 1624 992 1397 696 906 957 734 479 419 4021 3045 2381 4606 4442 2389 2133 4711 4266 3016 2552 2346 2217 3284 3217 3052 2201 3490 2825 3549 3857 5174 4185 4640 4597 1903 2285 2671 4442 3322 3788 2873 2854 2026 1972 1486 1649 1725 8462 2139 5695 3602 1353 2467 3968 3364 2865 845 1649 1713 3749 2844 1744 3019 2201 2499 4530 6501 6617 4299 5980 6127 6097 6291 5398 1234 1771 5670 6176 5695 5627 5476 6985 13016 6900 1740 11008 10562 4027 5761 812 625 11060 657 5153 4478 7664 7137 3529 592 1561 1234 3836 4694 7563 1070 2576 4433 5947 2994 4248 5573 8005 
1234 1358 625 1661 1353 1282 837 1871 1195 0 1038 2133 592 2092 1397 1477 1986 2534 1835 1740 2003 1775 1578 1435 4519 3482 2910 4990 4982 2671 2716 5292 4735 3117 2232 2229 2066 3551 3364 2865 2303 3536 2873 2921 3132 4060 3045 3583 3480 936 1513 1486 3346 2461 2594 1771 1986 1397 2323 1744 1641 1860 9656 1477 4732 2461 2461 3643 5152 4519 3951 2026 2832 2907 4936 4000 2870 4087 3135 3382 5627 7584 7664 5398 6903 7057 7057 7268 4857 1397 1578 5174 5588 4669 5323 6581 7148 13227 6312 906 11984 11603 3372 5965 1070 1276 10129 1513 6218 5397 6568 5993 2699 928 479 1526 4885 3604 8734 419 1578 4859 5890 1812 3877 6662 7482 
1276 1801 706 706 2297 493 957 837 165 1038 0 1649 1323 1816 743 1513 1070 1526 821 936 1051 821 580 479 4027 3037 2381 4597 4457 2349 2139 4734 4269 2958 2439 2253 2117 3251 3167 2958 2133 3428 2758 3414 3714 5010 4021 4478 4433 1740 2133 2510 4278 3169 3632 2709 2699 1945 2026 1513 1641 1740 8620 2056 5588 3461 1513 2630 4131 3529 3025 992 1812 1871 3900 2983 1871 3132 2280 2568 4654 6622 6729 4422 6127 6274 6247 6443 5353 1234 1740 5632 6050 5535 5531 5638 6950 12993 6851 1629 11108 10675 3891 5819 706 580 10907 677 5312 4623 7501 6973 3436 464 1397 1255 3946 4530 7726 906 2414 4430 5881 2832 4223 5695 7888 
1044 1578 2229 1212 2691 1160 1323 1775 1673 2133 1649 0 1871 419 906 957 1044 1578 1412 845 1160 1183 1358 1297 2414 1397 779 2953 2865 734 592 3167 2646 1412 1486 1095 1070 1612 1578 1689 734 1889 1276 2646 3045 5037 4223 4378 4514 2092 1983 3135 4307 2832 4307 2983 2491 3444 3641 3156 3286 3388 8481 3542 6838 4433 2563 3156 4418 4074 3872 1629 2461 2280 3777 2709 1713 2448 1353 1468 3946 5800 5802 3736 7137 7268 7191 7349 6919 2882 3364 7216 4990 5273 4178 6247 5312 11345 8399 3010 9977 9685 3089 7419 1095 1070 10268 1038 6056 5695 7356 7023 4830 1323 2117 2900 3124 4519 7958 1725 2534 2794 4335 3382 5839 4916 6694 
845 779 1166 1771 998 1353 592 2133 1486 592 1323 1871 0 1725 1358 1038 2026 2648 1996 1725 2076 1871 1740 1578 4159 3124 2618 4576 4632 2285 2461 4956 4359 2646 1673 1725 1561 3124 2900 2320 1871 3037 2392 2332 2555 3693 2718 3156 3117 419 928 1323 2958 1914 2505 1397 1435 1931 2900 2320 2232 2448 9850 1996 4990 2563 2832 3938 5424 4846 4344 2229 3117 3135 5094 4100 2958 4080 3052 3257 5627 7554 7597 5403 7389 7540 7527 7731 5333 1972 2168 5661 5001 4218 4739 6960 6645 12721 6758 1416 11838 11513 2787 6556 992 1297 9629 1557 6629 5881 6179 5666 3089 998 260 2092 4846 3209 9029 419 1095 4463 5342 1616 4410 6644 6893 
884 1282 2303 1513 2436 1358 1255 2092 1875 2092 1816 419 1725 0 1101 706 1412 1983 1740 1160 1526 1508 1641 1548 2439 1402 928 2900 2910 580 845 3232 2648 1143 1070 677 657 1477 1353 1297 348 1616 957 2229 2630 4669 3890 4000 4159 1871 1661 2910 3946 2448 4060 2691 2133 3461 3841 3324 3412 3542 8883 3551 6713 4255 2900 3559 4835 4481 4255 1976 2844 2679 4191 3122 2130 2832 1740 1816 4307 6127 6106 4102 7515 7648 7576 7739 6939 3025 3461 7248 4589 4874 3830 6657 5152 11215 8401 2994 10211 9958 2671 7633 1160 1250 9850 1297 6457 6060 6960 6648 4778 1416 1983 3065 3477 4151 8376 1673 2232 2768 4074 3132 5906 5256 6317 
837 1486 1353 519 2335 260 779 1070 779 1397 743 906 1358 1101 0 992 677 1323 779 367 743 580 592 464 3298 2297 1649 3857 3736 1612 1416 4022 3536 2241 1889 1624 1513 2510 2439 2323 1435 2716 2056 2974 3322 4947 4022 4349 4386 1713 1889 2679 4204 2900 3857 2706 2467 2594 2750 2253 2381 2483 8526 2699 6122 3836 1889 2768 4191 3702 3340 1038 1972 1903 3765 2750 1612 2731 1740 1986 4278 6218 6282 4052 6556 6696 6645 6824 6050 1976 2467 6339 5531 5348 4895 5871 6211 12250 7540 2201 10588 10214 3449 6539 367 165 10585 260 5607 5074 7383 6939 4036 479 1548 1996 3511 4442 7797 1051 2320 3693 5174 2974 4947 5302 7323 
260 625 1816 1508 1744 1183 677 2056 1624 1477 1513 957 1038 706 992 0 1578 2229 1767 1255 1673 1557 1578 1435 3124 2092 1629 3542 3598 1250 1513 3926 3322 1641 928 779 625 2092 1889 1468 837 2066 1397 1983 2335 4120 3275 3480 3583 1166 1038 2208 3382 1969 3366 2026 1578 2873 3490 2935 2958 3124 9351 2953 6017 3549 2870 3741 5128 4677 4332 2026 2958 2865 4606 3551 2461 3372 2285 2423 4890 6756 6757 4677 7540 7682 7634 7814 6330 2607 2965 6649 4562 4430 4027 6851 5675 11753 7773 2381 10905 10633 2458 7265 812 1070 9601 1250 6596 6053 6493 6113 4120 1051 1297 2679 4074 3604 8720 1070 1578 3426 4463 2439 5348 5870 6382 
1477 2133 1775 367 3010 706 1454 779 992 1986 1070 1044 2026 1412 677 1578 0 657 419 329 116 260 519 592 3135 2232 1557 3765 3529 1756 1297 3777 3388 2448 2392 2056 1983 2568 2594 2709 1756 2921 2320 3529 3900 5617 4698 5010 5058 2389 2545 3340 4874 3536 4513 3382 3117 3012 2794 2392 2607 2646 7851 3124 6649 4446 1526 2180 3551 3113 2844 592 1435 1297 3089 2076 936 2101 1212 1508 3643 5599 5686 3414 6103 6237 6166 6331 6382 2189 2750 6648 5993 5993 5222 5292 6226 12194 7886 2691 10044 9628 3995 6506 1038 734 11166 479 5065 4654 8041 7611 4505 1070 2201 2158 2903 5110 7148 1689 2994 3574 5348 3641 5214 4677 7727 
2133 2789 2208 884 3641 1297 2092 845 1397 2534 1526 1578 2648 1983 1323 2229 657 0 706 985 580 779 957 1101 3269 2505 1871 3946 3604 2217 1629 3806 3529 2910 3010 2651 2594 2921 3016 3267 2312 3366 2823 4159 4538 6269 5342 5666 5708 3025 3201 3946 5526 4191 5106 4022 3774 3382 2832 2545 2825 2804 7207 3498 7080 4983 1255 1578 2900 2499 2323 592 936 706 2448 1468 348 1641 1070 1397 3135 5106 5232 2903 5588 5714 5627 5780 6614 2423 3012 6855 6568 6649 5714 4677 6463 12335 8121 3135 9650 9176 4620 6380 1673 1353 11799 1095 4478 4178 8697 8262 4895 1661 2804 2349 2461 5763 6493 2285 3643 3736 5727 4255 5397 4178 8259 
1612 2253 1508 260 2994 657 1477 367 696 1835 821 1412 1996 1740 779 1767 419 706 0 580 329 232 260 419 3551 2648 1972 4183 3941 2139 1713 4185 3806 2823 2646 2346 2253 2974 2983 3025 2088 3300 2679 3749 4100 5666 4711 5089 5097 2392 2646 3269 4925 3669 4418 3388 3226 2709 2381 1996 2232 2253 7859 2823 6390 4278 1160 1996 3446 2928 2568 260 1195 1149 3113 2168 1051 2323 1557 1871 3836 5805 5921 3604 5802 5939 5881 6056 6020 1816 2392 6278 6280 6106 5570 5094 6641 12613 7527 2436 10319 9867 4223 6088 1070 743 11363 519 4830 4332 8125 7650 4217 998 2130 1771 3141 5169 7055 1612 3037 3992 5740 3583 4835 4878 8046 
1149 1805 1616 367 2699 479 1143 936 906 1740 936 845 1725 1160 367 1255 329 985 580 0 419 348 519 493 3117 2158 1486 3714 3536 1578 1234 3806 3364 2253 2092 1775 1689 2439 2423 2448 1508 2731 2101 3217 3583 5291 4378 4682 4734 2076 2217 3045 4548 3209 4223 3065 2789 2865 2832 2381 2555 2625 8173 2974 6448 4191 1740 2491 3877 3426 3124 821 1725 1612 3412 2389 1255 2366 1397 1661 3914 5857 5927 3687 6371 6507 6443 6614 6288 2139 2671 6567 5713 5666 4990 5603 6130 12137 7786 2505 10251 9863 3687 6592 734 464 10851 260 5364 4907 7713 7285 4335 812 1914 2133 3152 4783 7476 1412 2671 3536 5179 3340 5152 4940 7469 
1561 2217 1756 348 3065 734 1513 677 957 2003 1051 1160 2076 1526 743 1673 116 580 329 419 0 232 479 580 3226 2335 1661 3862 3613 1871 1402 3857 3480 2563 2499 2168 2092 2679 2709 2823 1871 3037 2436 3632 4000 5689 4762 5089 5128 2448 2625 3382 4947 3624 4550 3444 3201 2983 2709 2320 2547 2576 7786 3096 6638 4463 1412 2076 3461 3010 2731 479 1323 1195 3025 2026 884 2092 1250 1557 3626 5588 5684 3396 5989 6122 6053 6218 6330 2130 2699 6592 6106 6079 5338 5188 6330 12290 7835 2679 10058 9629 4100 6407 1095 779 11267 519 4956 4538 8121 7682 4483 1101 2241 2092 2900 5184 7062 1725 3063 3669 5461 3687 5153 4664 7842 
1416 2066 1526 116 2865 519 1323 592 734 1775 821 1183 1871 1508 580 1557 260 779 232 348 232 0 260 348 3372 2448 1771 3992 3774 1914 1513 4027 3624 2594 2423 2117 2026 2758 2758 2794 1856 3072 2448 3534 3891 5511 4572 4922 4947 2253 2467 3169 4769 3480 4332 3251 3045 2758 2555 2139 2349 2392 7981 2870 6407 4234 1392 2189 3613 3124 2789 479 1402 1323 3224 2241 1101 2323 1468 1767 3857 5819 5916 3626 6029 6166 6106 6278 6122 1931 2491 6389 6053 5927 5338 5296 6435 12421 7627 2448 10288 9861 4007 6288 906 580 11157 329 5042 4562 7957 7501 4255 884 2026 1903 3132 5010 7221 1508 2882 3806 5515 3477 4956 4895 7815 
1402 2030 1282 165 2738 419 1234 479 479 1578 580 1358 1740 1641 592 1578 519 957 260 519 479 260 0 165 3613 2671 1996 4223 4021 2092 1740 4278 3863 2758 2480 2208 2101 2958 2935 2900 1986 3236 2594 3559 3900 5417 4457 4846 4846 2139 2414 3010 4677 3444 4159 3135 2994 2505 2320 1889 2092 2139 8117 2618 6166 4027 1297 2229 3693 3156 2758 493 1416 1397 3372 2423 1297 2552 1725 2026 4075 6043 6150 3844 5965 6106 6056 6237 5863 1673 2232 6130 6122 5871 5464 5312 6648 12649 7367 2208 10533 10095 4036 6074 837 519 11154 348 5033 4483 7882 7399 4005 743 1871 1649 3366 4922 7301 1353 2789 4041 5689 3324 4698 5116 7910 
1250 1871 1183 232 2576 260 1070 625 419 1435 479 1297 1578 1548 464 1435 592 1101 419 493 580 348 165 0 3610 2646 1976 4204 4027 2026 1725 4294 3857 2679 2346 2088 1976 2907 2865 2787 1889 3156 2505 3412 3749 5253 4294 4682 4682 1976 2253 2854 4513 3284 4007 2972 2832 2423 2349 1889 2066 2133 8276 2534 6060 3891 1435 2392 3857 3318 2910 657 1578 1561 3529 2568 1435 2671 1801 2092 4202 6166 6264 3972 6106 6247 6201 6384 5814 1649 2189 6088 5989 5708 5357 5472 6605 12623 7316 2101 10633 10209 3890 6122 677 367 10998 260 5188 4619 7718 7235 3914 580 1713 1641 3480 4758 7465 1195 2625 4027 5613 3167 4667 5241 7786 
3322 3602 4640 3449 4756 3536 3685 3898 4021 4519 4027 2414 4159 2439 3298 3124 3135 3269 3551 3117 3226 3372 3613 3610 0 1038 1649 706 479 1875 1889 821 260 1740 2910 2594 2731 1160 1513 2448 2312 1689 1976 3663 4052 6465 5918 5760 6060 4256 3891 5262 5829 4299 6351 4922 4183 5856 5927 5497 5666 5742 8205 5953 9138 6645 4519 4530 5226 5253 5403 3669 4159 3857 4217 3366 3124 2671 2241 1945 3426 4694 4505 3322 8533 8635 8497 8597 9333 5253 5763 9629 4841 6347 3480 7201 3236 9075 10811 5412 8106 8035 3890 9620 3507 3461 10418 3364 7196 7260 8380 8302 7213 3736 4418 5250 2716 5972 8256 4102 4463 479 2900 5438 8244 4027 6029 
2285 2594 3624 2510 3758 2545 2648 3010 3045 3482 3037 1397 3124 1402 2297 2092 2232 2505 2648 2158 2335 2448 2671 2646 1038 0 677 1561 1508 845 936 1835 1255 936 1986 1624 1744 519 821 1661 1297 1160 1101 2910 3322 5657 5022 4956 5210 3236 2910 4255 4983 3436 5368 3951 3257 4828 4990 4530 4677 4769 8393 4923 8108 5627 3707 3946 4896 4769 4779 2804 3436 3167 4007 3012 2448 2439 1629 1435 3610 5195 5089 3449 8005 8120 8008 8134 8307 4269 4761 8608 4601 5656 3449 6848 3995 9979 9781 4378 8969 8808 3224 8734 2483 2461 10130 2392 6764 6649 7732 7563 6176 2718 3382 4278 2794 5149 8197 3065 3488 1397 3251 4446 7235 4410 6056 
1775 2208 2994 1835 3364 1889 2092 2335 2381 2910 2381 779 2618 928 1649 1629 1557 1871 1972 1486 1661 1771 1996 1976 1649 677 0 2229 2092 580 260 2389 1889 1143 1816 1402 1468 1051 1183 1725 992 1548 1160 2900 3318 5515 4783 4830 5026 2794 2576 3836 4807 3275 4988 3613 3012 4218 4316 3863 4021 4105 8203 4318 7601 5169 3045 3372 4440 4234 4178 2133 2806 2555 3641 2594 1860 2139 1143 1070 3507 5256 5211 3318 7428 7549 7447 7584 7690 3610 4115 7983 4929 5632 3914 6359 4669 10654 9173 3788 9283 9040 3286 8058 1871 1812 10371 1725 6237 6043 7723 7471 5607 2092 2870 3613 2671 4998 7859 2499 3152 2053 3857 4060 6595 4410 6502 
3765 3946 5174 4060 5065 4105 4154 4538 4606 4990 4597 2953 4576 2900 3857 3542 3765 3946 4183 3714 3862 3992 4223 4204 706 1561 2229 0 677 2320 2483 906 464 1983 3156 2910 3063 1454 1725 2594 2706 1756 2241 3712 4067 6506 6060 5805 6150 4619 4183 5581 5918 4433 6614 5179 4392 6359 6543 6090 6237 6330 8734 6451 9505 6980 5188 5235 5918 5957 6106 4318 4848 4550 4895 4067 3816 3364 2935 2646 4007 5089 4846 3926 9238 9339 9200 9299 9839 5829 6317 10146 4478 6280 3037 7892 2534 8430 11301 5894 8131 8165 3857 10268 4027 4021 10029 3951 7896 7965 8256 8259 7661 4269 4835 5839 3348 6034 8879 4572 4734 232 2285 5723 8787 4505 5503 
3793 4080 5085 3857 5235 3968 4151 4278 4442 4982 4457 2865 4632 2910 3736 3598 3529 3604 3941 3536 3613 3774 4021 4027 479 1508 2092 677 0 2349 2320 348 367 2208 3382 3072 3209 1629 1972 2903 2789 2117 2448 4102 4483 6907 6380 6202 6513 4734 4369 5740 6282 4758 6828 5398 4654 6308 6321 5909 6090 6157 8058 6407 9614 7123 4859 4769 5342 5438 5650 4041 4463 4151 4294 3529 3426 2806 2547 2232 3340 4430 4204 3267 8716 8811 8663 8750 9781 5675 6196 10074 5110 6756 3693 7309 3037 8734 11264 5871 7668 7632 4305 9979 3960 3898 10675 3788 7342 7489 8771 8722 7678 4183 4890 5666 2709 6418 8223 4566 4940 493 2958 5915 8679 3830 6178 
1454 1756 2873 1945 2921 1871 1835 2505 2389 2671 2349 734 2285 580 1612 1250 1756 2217 2139 1578 1871 1914 2092 2026 1875 845 580 2320 2349 0 677 2679 2076 696 1250 845 936 906 845 1160 464 1166 625 2320 2738 4956 4255 4266 4478 2392 2088 3414 4256 2716 4538 3132 2480 4041 4361 3862 3968 4087 8777 4131 7265 4783 3281 3777 4936 4671 4538 2346 3135 2921 4183 3124 2280 2709 1673 1641 4087 5819 5760 3898 7804 7930 7842 7991 7519 3574 4027 7828 4418 5054 3498 6824 4601 10653 8981 3574 9762 9556 2709 8145 1725 1771 9817 1767 6669 6382 7145 6903 5353 1976 2545 3604 3251 4440 8399 2253 2668 2189 3602 3613 6481 4982 6053 
1629 2117 2768 1578 3257 1649 1914 2076 2133 2716 2139 592 2461 845 1416 1513 1297 1629 1713 1234 1402 1513 1740 1725 1889 936 260 2483 2320 677 0 2607 2133 1323 1835 1416 1454 1297 1397 1835 998 1756 1297 2958 3372 5502 4734 4825 4998 2668 2505 3712 4783 3269 4878 3529 2974 4000 4060 3613 3777 3857 8125 4102 7428 5022 2789 3152 4266 4027 3944 1875 2563 2320 3507 2448 1641 2053 998 998 3482 5283 5262 3284 7201 7323 7226 7367 7465 3364 3877 7755 5089 5664 4120 6167 4929 10910 8953 3582 9396 9123 3364 7799 1661 1578 10492 1477 6029 5805 7755 7472 5408 1871 2709 3364 2648 4983 7723 2312 3072 2303 4102 3951 6359 4418 6696 
4115 4418 5374 4115 5575 4248 4465 4513 4711 5292 4734 3167 4956 3232 4022 3926 3777 3806 4185 3806 3857 4027 4278 4294 821 1835 2389 906 348 2679 2607 0 706 2555 3729 3414 3549 1976 2320 3251 3124 2461 2794 4446 4825 7252 6728 6547 6860 5067 4711 6078 6629 5106 7171 5742 5001 6605 6562 6166 6359 6417 7888 6705 9942 7458 5058 4890 5368 5515 5774 4269 4636 4318 4299 3602 3604 2870 2738 2414 3236 4191 3941 3186 8783 8873 8716 8794 10072 5943 6474 10360 5383 7092 3941 7323 3016 8564 11559 6176 7326 7305 4643 10185 4259 4183 10935 4060 7383 7594 9099 9060 7990 4477 5214 5927 2671 6764 8131 4878 5283 779 3124 6257 8956 3641 6380 
3529 3779 4874 3700 4925 3777 3900 4154 4266 4735 4269 2646 4359 2648 3536 3322 3388 3529 3806 3364 3480 3624 3863 3857 260 1255 1889 464 367 2076 2133 706 0 1871 3052 2758 2900 1297 1629 2552 2499 1756 2117 3741 4120 6547 6034 5842 6158 4440 4052 5434 5927 4408 6507 5074 4318 6082 6179 5745 5909 5989 8337 6178 9328 6824 4778 4783 5454 5497 5657 3926 4418 4115 4433 3604 3382 2900 2499 2201 3582 4761 4548 3490 8777 8878 8738 8836 9561 5497 6002 9860 4769 6390 3372 7428 2983 8817 11036 5632 8031 7999 3939 9878 3736 3700 10341 3610 7433 7513 8405 8357 7425 3968 4619 5497 2900 6060 8437 4318 4619 232 2716 5600 8481 4131 5890 
1889 1972 3412 2618 3083 2499 2303 3186 3016 3117 2958 1412 2646 1143 2241 1641 2448 2910 2823 2253 2563 2594 2758 2679 1740 936 1143 1983 2208 696 1323 2555 1871 0 1183 936 1095 580 260 734 837 479 260 1983 2392 4756 4178 4052 4332 2648 2201 3598 4102 2563 4643 3209 2448 4513 4983 4463 4538 4677 9278 4594 7527 4998 3972 4463 5581 5348 5232 3037 3830 3613 4778 3736 2958 3251 2285 2189 4519 6130 6020 4349 8497 8623 8533 8679 7967 4159 4572 8289 3788 4724 2806 7489 4041 10116 9403 4021 9828 9707 2288 8775 2288 2392 9259 2423 7349 7077 6797 6641 5732 2547 2900 4204 3693 4255 8993 2709 2758 1914 2935 3745 6985 5342 5374 
1166 906 2679 2392 1921 2101 1548 2958 2552 2232 2439 1486 1673 1070 1889 928 2392 3010 2646 2092 2499 2423 2480 2346 2910 1986 1816 3156 3382 1250 1835 3729 3052 1183 0 419 419 1756 1435 657 837 1454 936 1160 1561 3707 3037 3016 3236 1561 1038 2439 3012 1468 3461 2026 1276 3604 4392 3827 3816 4000 9942 3669 6382 3841 3777 4570 5890 5502 5211 2900 3816 3687 5260 4191 3186 3877 2794 2832 5312 7068 7008 5116 8443 8582 8526 8700 6977 3490 3793 7312 3643 3830 3124 7681 5010 11074 8373 3089 10954 10784 1612 8145 1740 1986 8794 2139 7454 6962 5921 5656 4682 1976 1903 3574 4477 3192 9443 1875 1578 3096 3669 2568 6082 6226 5454 
1038 1038 2594 2101 2168 1860 1454 2679 2346 2229 2253 1095 1725 677 1624 779 2056 2651 2346 1775 2168 2117 2208 2088 2594 1624 1402 2910 3072 845 1416 3414 2758 936 419 0 165 1468 1195 706 419 1313 677 1561 1969 4115 3414 3428 3634 1713 1297 2679 3412 1875 3758 2332 1641 3624 4256 3707 3736 3900 9528 3700 6596 4074 3498 4223 5511 5149 4896 2594 3490 3340 4857 3788 2806 3461 2381 2414 4895 6657 6603 4698 8145 8281 8217 8385 7057 3382 3741 7383 3939 4248 3281 7327 4925 11003 8481 3122 10588 10397 1996 8038 1548 1744 9173 1860 7117 6677 6339 6070 4803 1801 1976 3449 4059 3598 9049 1835 1871 2825 3685 2844 6106 5811 5703 
884 884 2439 2003 2026 1740 1297 2576 2217 2066 2117 1070 1561 657 1513 625 1983 2594 2253 1689 2092 2026 2101 1976 2731 1744 1468 3063 3209 936 1454 3549 2900 1095 419 165 0 1616 1353 845 479 1477 837 1578 1976 4052 3322 3372 3559 1557 1166 2534 3340 1816 3626 2208 1548 3461 4112 3559 3582 3749 9538 3536 6443 3926 3396 4159 5472 5089 4813 2505 3412 3275 4846 3777 2768 3480 2392 2448 4936 6721 6678 4735 8054 8191 8131 8302 6893 3232 3583 7219 4027 4223 3414 7268 5089 11167 8318 2958 10695 10490 2030 7889 1412 1624 9211 1756 7047 6580 6312 6019 4640 1661 1812 3302 4102 3534 9025 1673 1744 2974 3843 2709 5943 5866 5811 
2320 2499 3777 2804 3634 2768 2718 3340 3284 3551 3251 1612 3124 1477 2510 2092 2568 2921 2974 2439 2679 2758 2958 2907 1160 519 1051 1454 1629 906 1297 1976 1297 580 1756 1468 1616 0 367 1297 1255 657 821 2534 2935 5324 4758 4619 4907 3169 2758 4146 4677 3141 5210 3777 3025 4933 5253 4762 4874 4990 8897 5021 8058 5541 4080 4410 5403 5253 5226 3156 3857 3604 4524 3523 2900 2958 2117 1945 4105 5632 5500 3951 8469 8588 8481 8613 8407 4478 4933 8720 4087 5256 2935 7349 3702 9747 9860 4457 9253 9147 2804 9028 2630 2671 9626 2648 7252 7092 7317 7191 6211 2882 3382 4505 3298 4825 8716 3135 3322 1358 2806 4305 7383 4874 5541 
2133 2232 3643 2789 3340 2699 2545 3348 3217 3364 3167 1578 2900 1353 2439 1889 2594 3016 2983 2423 2709 2758 2935 2865 1513 821 1183 1725 1972 845 1397 2320 1629 260 1435 1195 1353 367 0 936 1070 367 519 2168 2568 4960 4408 4255 4548 2907 2458 3857 4318 2787 4896 3461 2691 4758 5188 4677 4762 4895 9211 4841 7786 5256 4120 4548 5613 5417 5338 3186 3946 3714 4773 3749 3037 3224 2312 2180 4430 5989 5863 4269 8597 8720 8623 8763 8218 4378 4803 8537 3800 4890 2731 7540 3806 9878 9656 4269 9614 9513 2439 8978 2510 2594 9313 2607 7419 7193 6953 6824 5988 2768 3156 4418 3613 4463 8981 2953 3012 1661 2758 4000 7226 5220 5323 
1725 1561 3275 2787 2547 2563 2133 3366 3052 2865 2958 1689 2320 1297 2323 1468 2709 3267 3025 2448 2823 2794 2900 2787 2448 1661 1725 2594 2903 1160 1835 3251 2552 734 657 706 845 1297 936 0 957 845 580 1250 1661 4027 3482 3322 3613 2217 1673 3065 3382 1856 4036 2607 1801 4248 4956 4402 4418 4589 9926 4316 7009 4463 4183 4845 6070 5760 5552 3267 4141 3968 5342 4280 3382 3863 2832 2794 5200 6851 6749 5021 8811 8945 8873 9034 7633 4074 4410 7967 3302 3995 2576 7929 4355 10418 9029 3736 10549 10439 1578 8732 2253 2448 8658 2552 7745 7353 6074 5907 5338 2505 2555 4146 4367 3529 9556 2491 2180 2563 3025 3169 6729 6050 5022 
1070 1297 2576 1860 2461 1689 1477 2439 2201 2303 2133 734 1871 348 1435 837 1756 2312 2088 1508 1871 1856 1986 1889 2312 1297 992 2706 2789 464 998 3124 2499 837 837 419 479 1255 1070 957 0 1297 625 1969 2381 4524 3800 3841 4036 1945 1624 2958 3816 2285 4075 2668 2026 3693 4159 3632 3702 3843 9114 3777 6830 4335 3248 3890 5139 4807 4597 2323 3186 3012 4457 3388 2439 3045 1969 1996 4477 6247 6201 4280 7859 7991 7917 8078 7160 3324 3736 7476 4256 4667 3482 6980 4874 10947 8608 3209 10225 10013 2392 7951 1454 1578 9556 1641 6789 6407 6757 6485 4956 1713 2130 3372 3641 4007 8658 1889 2204 2594 3749 3152 6157 5397 5972 
2320 2320 3862 3096 3372 2974 2738 3663 3490 3536 3428 1889 3037 1616 2716 2066 2921 3366 3300 2731 3037 3072 3236 3156 1689 1160 1548 1756 2117 1166 1756 2461 1756 479 1454 1313 1477 657 367 845 1297 0 677 1986 2366 4792 4307 4087 4410 2994 2491 3891 4178 2679 4879 3449 2646 4933 5454 4929 4994 5139 9551 5010 7835 5292 4446 4907 5980 5780 5689 3511 4292 4067 5137 4115 3396 3583 2679 2545 4761 6274 6130 4606 8951 9075 8981 9123 8369 4620 5019 8695 3444 4659 2366 7906 3613 9692 9789 4433 9784 9723 2201 9246 2750 2865 8972 2900 7782 7540 6702 6614 6106 3010 3286 4669 3951 4307 9342 3135 3016 1740 2458 4007 7412 5526 4956 
1649 1713 3186 2461 2825 2312 2066 3037 2825 2873 2758 1276 2392 957 2056 1397 2320 2823 2679 2101 2436 2448 2594 2505 1976 1101 1160 2241 2448 625 1297 2794 2117 260 936 677 837 821 519 580 625 677 0 1816 2232 4559 3951 3857 4120 2389 1945 3340 3891 2346 4392 2958 2208 4269 4783 4255 4318 4463 9353 4349 7268 4739 3836 4392 5560 5291 5137 2903 3729 3529 4796 3741 2900 3298 2288 2229 4620 6278 6185 4442 8404 8533 8449 8602 7718 3944 4344 8041 3793 4566 2903 7447 4278 10356 9150 3774 10044 9904 2158 8576 2076 2201 9211 2253 7287 6969 6648 6463 5476 2335 2646 3995 3788 4052 9013 2467 2505 2168 3124 3490 6744 5472 5438 
2168 1629 3482 3490 2030 3156 2461 4036 3549 2921 3414 2646 2332 2229 2974 1983 3529 4159 3749 3217 3632 3534 3559 3412 3663 2910 2900 3712 4102 2320 2958 4446 3741 1983 1160 1561 1578 2534 2168 1250 1969 1986 1816 0 419 2806 2392 2101 2439 2026 1412 2483 2208 837 3186 1889 1095 4146 5226 4646 4562 4779 11081 4183 6288 3777 4845 5707 7047 6641 6314 4007 4936 4825 6417 5348 4344 5010 3938 3951 6406 8094 7998 6218 9513 9656 9612 9795 7272 4299 4483 7626 2671 2750 2576 8820 5037 10962 8570 3634 11767 11680 479 8873 2758 3045 7641 3232 8576 8019 4835 4659 4923 2958 2480 4410 5570 2323 10603 2668 1612 3720 3480 2461 6539 7282 4562 
2499 1914 3720 3841 2092 3490 2758 4373 3857 3132 3714 3045 2555 2630 3322 2335 3900 4538 4100 3583 4000 3891 3900 3749 4052 3322 3318 4067 4483 2738 3372 4825 4120 2392 1561 1969 1976 2935 2568 1661 2381 2366 2232 419 0 2439 2133 1740 2117 2208 1629 2491 1889 779 3045 1871 1183 4278 5454 4874 4762 4990 11494 4305 6166 3700 5174 6074 7433 7009 6657 4359 5292 5195 6821 5752 4734 5424 4349 4367 6824 8510 8410 6636 9834 9979 9942 10129 7282 4526 4664 7641 2480 2335 2625 9185 5242 11090 8538 3777 12150 12078 329 9040 3083 3382 7268 3582 8929 8334 4418 4256 4936 3267 2671 4646 5988 1976 10998 2921 1689 4087 3641 2414 6614 7699 4392 
4154 3507 4667 5424 2718 5010 4191 5825 5174 4060 5010 5037 3693 4669 4947 4120 5617 6269 5666 5291 5689 5511 5417 5253 6465 5657 5515 6506 6907 4956 5502 7252 6547 4756 3707 4115 4052 5324 4960 4027 4524 4792 4559 2806 2439 0 1038 706 580 3281 3089 2648 743 2241 2092 2303 2547 4550 6125 5603 5348 5607 13458 4513 4722 2900 6506 7629 9109 8537 8008 5909 6809 6813 8700 7660 6543 7482 6389 6485 8975 10771 10714 8769 10907 11065 11081 11301 6507 5296 5149 6871 3714 992 4632 10635 7489 13051 7454 4205 14570 14461 2671 9109 4606 4933 6351 5184 10278 9411 2510 1996 4408 4677 3624 5454 8145 519 12717 4105 2630 6522 5834 2335 6264 9918 5363 
3269 2651 3643 4478 1725 4060 3251 4846 4185 3045 4021 4223 2718 3890 4022 3275 4698 5342 4711 4378 4762 4572 4457 4294 5918 5022 4783 6060 6380 4255 4734 6728 6034 4178 3037 3414 3322 4758 4408 3482 3800 4307 3951 2392 2133 1038 0 845 479 2320 2241 1612 479 1629 1212 1323 1775 3523 5089 4566 4311 4570 12548 3490 4204 2026 5502 6649 8141 7547 6996 4947 5829 5852 7786 6764 5632 6644 5560 5689 8165 10015 9991 7951 9871 10029 10047 10268 5723 4259 4115 6090 4060 1860 4667 9626 7374 13162 6797 3169 13990 13810 2439 8141 3669 3992 7349 4248 9259 8376 3542 2953 3511 3714 2625 4418 7346 696 11744 3122 1713 6043 5760 1297 5357 9138 5871 
3536 2882 4204 4841 2232 4433 3613 5273 4640 3583 4478 4378 3156 4000 4349 3480 5010 5666 5089 4682 5089 4922 4846 4682 5760 4956 4830 5805 6202 4266 4825 6547 5842 4052 3016 3428 3372 4619 4255 3322 3841 4087 3857 2101 1740 706 845 0 493 2738 2467 2280 367 1557 2056 1816 1903 4255 5760 5214 4990 5246 12830 4234 4990 2870 5988 7072 8533 7991 7498 5338 6254 6237 8081 7031 5927 6825 5730 5814 8305 10084 10020 8101 10480 10635 10638 10851 6568 4890 4813 6934 3286 1101 4047 10116 6860 12518 7627 3857 13865 13758 1986 8939 4021 4349 6614 4594 9781 8975 3037 2648 4349 4115 3124 5042 7472 260 12141 3574 2066 5819 5214 2003 6188 9237 5054 
3604 2965 4087 4857 2139 4442 3624 5250 4597 3480 4433 4514 3117 4159 4386 3583 5058 5708 5097 4734 5128 4947 4846 4682 6060 5210 5026 6150 6513 4478 4998 6860 6158 4332 3236 3634 3559 4907 4548 3613 4036 4410 4120 2439 2117 580 479 493 0 2709 2547 2076 232 1775 1641 1725 2026 4000 5560 5033 4783 5042 12906 3968 4505 2461 5927 7055 8537 7961 7428 5338 6234 6243 8145 7111 5988 6954 5863 5972 8459 10278 10235 8250 10332 10490 10505 10723 6135 4722 4589 6502 3777 1392 4519 10056 7305 12999 7163 3641 14159 14017 2392 8613 4041 4367 6871 4620 9698 8835 3089 2555 3960 4105 3045 4879 7633 260 12145 3529 2066 6150 5667 1767 5811 9414 5535 
1051 677 1548 2158 625 1740 936 2545 1903 936 1740 2092 419 1871 1713 1166 2389 3025 2392 2076 2448 2253 2139 1976 4256 3236 2794 4619 4734 2392 2668 5067 4440 2648 1561 1713 1557 3169 2907 2217 1945 2994 2389 2026 2208 3281 2320 2738 2709 0 625 1044 2545 1526 2217 998 1051 2133 3257 2679 2555 2784 10232 2180 4890 2392 3251 4349 5829 5260 4762 2630 3529 3536 5472 4463 3324 4402 3348 3529 5945 7852 7877 5723 7799 7951 7940 8145 5424 2332 2461 5763 4677 3800 4514 7378 6571 12632 6813 1616 12064 11774 2461 6848 1353 1673 9220 1931 7047 6291 5763 5260 3122 1397 464 2461 5149 2794 9437 837 677 4524 5200 1297 4576 6950 6580 
1070 419 2092 2392 884 1996 1195 2865 2285 1513 2133 1983 928 1661 1889 1038 2545 3201 2646 2217 2625 2467 2414 2253 3891 2910 2576 4183 4369 2088 2505 4711 4052 2201 1038 1297 1166 2758 2458 1673 1624 2491 1945 1412 1629 3089 2241 2467 2547 625 0 1402 2349 1038 2461 1044 580 2758 3828 3248 3152 3372 10371 2804 5344 2804 3632 4640 6079 5570 5139 2900 3830 3788 5617 4572 3461 4410 3322 3449 5926 7779 7766 5713 8256 8405 8380 8576 6016 2900 3072 6359 4075 3461 3891 7723 6016 12061 7383 2241 11847 11616 1860 7462 1578 1903 8775 2139 7425 6750 5497 5085 3693 1713 1070 3019 5106 2576 9685 1297 580 4112 4606 1548 5195 6898 5972 
2092 1661 2053 3063 519 2651 1914 3346 2671 1486 2510 3135 1323 2910 2679 2208 3340 3946 3269 3045 3382 3169 3010 2854 5262 4255 3836 5581 5740 3414 3712 6078 5434 3598 2439 2679 2534 4146 3857 3065 2958 3891 3340 2483 2491 2648 1612 2280 2076 1044 1402 0 1983 1713 1183 625 1397 1986 3490 2958 2716 2974 11123 1976 3944 1402 3941 5128 6636 6002 5417 3482 4316 4378 6382 5408 4266 5403 4369 4562 6950 8873 8908 6725 8259 8417 8436 8657 4796 2648 2534 5153 4916 3378 5058 8046 7378 13391 6090 1578 13108 12813 2806 6732 2312 2607 8892 2865 7664 6764 5153 4530 2448 2285 1143 2806 6166 2241 10219 1661 906 5503 5909 329 4146 7965 6824 
3412 2768 3960 4682 1996 4269 3449 5089 4442 3346 4278 4307 2958 3946 4204 3382 4874 5526 4925 4548 4947 4769 4677 4513 5829 4983 4807 5918 6282 4256 4783 6629 5927 4102 3012 3412 3340 4677 4318 3382 3816 4178 3891 2208 1889 743 479 367 232 2545 2349 1983 0 1548 1689 1578 1816 3939 5472 4936 4698 4956 12717 3914 4640 2505 5780 6893 8369 7804 7285 5169 6073 6073 7958 6919 5800 6749 5657 5761 8250 10061 10015 8041 10222 10379 10389 10605 6201 4619 4513 6568 3624 1412 4318 9910 7088 12805 7263 3559 13929 13790 2168 8597 3863 4191 6922 4442 9561 8721 3226 2738 3987 3938 2900 4773 7422 260 11977 3372 1889 5918 5454 1689 5829 9200 5412 
2066 1416 3072 3412 1323 3025 2232 3900 3322 2461 3169 2832 1914 2448 2900 1969 3536 4191 3669 3209 3624 3480 3444 3284 4299 3436 3275 4433 4758 2716 3269 5106 4408 2563 1468 1875 1816 3141 2787 1856 2285 2679 2346 837 779 2241 1629 1557 1775 1526 1038 1713 1548 0 2349 1095 479 3529 4779 4202 4062 4299 11305 3549 5454 2953 4669 5664 7085 6596 6176 3926 4859 4803 6571 5511 4430 5277 4183 4259 6749 8531 8475 6547 9287 9437 9414 9612 6506 3857 3946 6864 3236 2461 3372 8755 5871 11794 7773 3037 12389 12243 1095 8302 2607 2928 7739 3156 8462 7780 4530 4204 4159 2750 1986 3987 5916 1725 10684 2312 936 4415 4316 1649 5839 7681 5149 
3267 2787 3089 4223 1624 3816 3096 4463 3788 2594 3632 4307 2505 4060 3857 3366 4513 5106 4418 4223 4550 4332 4159 4007 6351 5368 4988 6614 6828 4538 4878 7171 6507 4643 3461 3758 3626 5210 4896 4036 4075 4879 4392 3186 3045 2092 1212 2056 1641 2217 2461 1183 1689 2349 0 1435 2241 2607 4248 3788 3480 3736 12249 2547 3122 821 4990 6211 7723 7054 6417 4619 5412 5500 7527 6572 5431 6584 5552 5742 8131 10056 10090 7906 9076 9238 9280 9513 4513 3529 3251 4879 5214 3025 5666 9029 8217 14132 5612 2381 14270 13990 3372 7022 3490 3779 8433 4036 8613 7611 4440 3685 2323 3449 2312 3693 7349 1889 11276 2825 1889 6556 6662 928 4178 9148 7057 
1983 1412 2389 3156 419 2738 1931 3529 2873 1771 2709 2983 1397 2691 2706 2026 3382 4022 3388 3065 3444 3251 3135 2972 4922 3951 3613 5179 5398 3132 3529 5742 5074 3209 2026 2332 2208 3777 3461 2607 2668 3449 2958 1889 1871 2303 1323 1816 1725 998 1044 625 1578 1095 1435 0 837 2552 3968 3412 3209 3461 11229 2555 4440 1903 4204 5333 6821 6237 5708 3624 4513 4530 6468 5454 4318 5364 4292 4446 6898 8781 8783 6680 8664 8820 8823 9037 5412 3083 3052 5770 4292 2910 4457 8334 6853 12834 6685 2101 12890 12649 2189 7323 2349 2671 8401 2928 7983 7160 4803 4269 3065 2392 1323 3232 6090 1835 10426 1805 464 5122 5348 580 4769 7889 6201 
1641 985 2594 2972 936 2576 1771 3444 2854 1986 2699 2491 1435 2133 2467 1578 3117 3774 3226 2789 3201 3045 2994 2832 4183 3257 3012 4392 4654 2480 2974 5001 4318 2448 1276 1641 1548 3025 2691 1801 2026 2646 2208 1095 1183 2547 1775 1903 2026 1051 580 1397 1816 479 2241 837 0 3096 4307 3729 3596 3830 10928 3124 5277 2738 4204 5220 6657 6150 5713 3480 4410 4367 6179 5128 4027 4936 3843 3946 6434 8256 8223 6226 8812 8962 8942 9140 6178 3382 3488 6532 3663 2882 3669 8302 6017 12004 7487 2594 12225 12036 1468 7859 2158 2483 8210 2718 8000 7305 4925 4538 3830 2288 1513 3511 5607 2030 10262 1835 519 4349 4519 1416 5454 7389 5575 
2625 2706 1250 2646 2217 2392 2217 2555 2026 1397 1945 3444 1931 3461 2594 2873 3012 3382 2709 2865 2983 2758 2505 2423 5856 4828 4218 6359 6308 4041 4000 6605 6082 4513 3604 3624 3461 4933 4758 4248 3693 4933 4269 4146 4278 4550 3523 4255 4000 2133 2758 1986 3939 3529 2607 2552 3096 0 1649 1255 906 1149 10061 116 3714 2053 2758 4000 5472 4724 4000 2794 3300 3498 5531 4758 3729 5022 4223 4513 6501 8472 8613 6269 6474 6636 6685 6922 3480 1101 657 3788 6757 5348 6644 6543 8545 14624 4956 519 13027 12555 4559 4779 2349 2439 10861 2607 6090 5021 7009 6288 1513 2130 1713 1250 5842 4193 8893 1805 2594 6218 7272 2253 2483 7544 8670 
3236 3613 1744 2483 3574 2491 2844 2053 1972 2323 2026 3641 2900 3841 2750 3490 2794 2832 2381 2832 2709 2555 2320 2349 5927 4990 4316 6543 6321 4361 4060 6562 6179 4983 4392 4256 4112 5253 5188 4956 4159 5454 4783 5226 5454 6125 5089 5760 5560 3257 3828 3490 5472 4779 4248 3968 4307 1649 0 580 779 519 8669 1725 4956 3693 1725 2787 4120 3322 2534 2303 2312 2607 4422 3890 3124 4359 3877 4204 5657 7576 7794 5434 4828 4990 5037 5273 3914 928 998 4112 7896 6860 7513 4956 8953 14969 5403 1921 12270 11673 5686 3793 2716 2594 12367 2607 4478 3372 8613 7919 2804 2458 2794 821 5149 5730 7367 2563 3872 6359 7906 3793 2646 6669 9778 
2679 3037 1166 2053 3012 1996 2280 1713 1486 1744 1513 3156 2320 3324 2253 2935 2392 2545 1996 2381 2320 2139 1889 1889 5497 4530 3863 6090 5909 3862 3613 6166 5745 4463 3827 3707 3559 4762 4677 4402 3632 4929 4255 4646 4874 5603 4566 5214 5033 2679 3248 2958 4936 4202 3788 3412 3729 1255 580 0 367 260 8842 1353 4825 3298 1624 2823 4256 3490 2750 1972 2208 2461 4415 3758 2865 4146 3542 3862 5531 7482 7668 5302 5312 5472 5503 5732 4074 348 625 4311 7317 6314 6950 5291 8462 14500 5581 1416 12130 11583 5106 4332 2180 2092 11813 2139 4846 3830 8101 7433 2618 1921 2217 260 4956 5195 7641 1986 3300 5915 7374 3269 2854 6562 9200 
2699 2983 1143 2253 2823 2133 2285 1983 1649 1641 1641 3286 2232 3412 2381 2958 2607 2825 2232 2555 2547 2349 2092 2066 5666 4677 4021 6237 6090 3968 3777 6359 5909 4538 3816 3736 3582 4874 4762 4418 3702 4994 4318 4562 4762 5348 4311 4990 4783 2555 3152 2716 4698 4062 3480 3209 3596 906 779 367 0 260 9208 998 4463 2958 1976 3186 4623 3857 3113 2241 2552 2794 4769 4087 3156 4446 3788 4102 5857 7815 7991 5627 5599 5760 5800 6034 3793 419 260 4047 7226 6090 6934 5638 8563 14621 5301 1143 12445 11914 5010 4335 2253 2217 11600 2303 5184 4131 7835 7145 2253 1996 2092 479 5262 4956 8000 1945 3141 6070 7419 3016 2607 6893 9123 
2865 3186 1323 2303 3072 2229 2458 1972 1725 1860 1740 3388 2448 3542 2483 3124 2646 2804 2253 2625 2576 2392 2139 2133 5742 4769 4105 6330 6157 4087 3857 6417 5989 4677 4000 3900 3749 4990 4895 4589 3843 5139 4463 4779 4990 5607 4570 5246 5042 2784 3372 2974 4956 4299 3736 3461 3830 1149 519 260 260 0 9025 1234 4619 3201 1860 3037 4446 3669 2910 2232 2448 2709 4642 4005 3124 4402 3800 4120 5780 7727 7917 5552 5342 5503 5545 5780 3816 519 493 4052 7447 6347 7123 5408 8687 14733 5323 1402 12382 11829 5232 4146 2389 2320 11856 2381 4947 3877 8094 7403 2423 2130 2320 493 5211 5214 7786 2139 3382 6157 7576 3275 2594 6809 9339 
9305 9954 9183 8079 10846 8497 9299 7786 8462 9656 8620 8481 9850 8883 8526 9351 7851 7207 7859 8173 7786 7981 8117 8276 8205 8393 8203 8734 8058 8777 8125 7888 8337 9278 9942 9528 9538 8897 9211 9926 9114 9551 9353 11081 11494 13458 12548 12830 12906 10232 10371 11123 12717 11305 12249 11229 10928 10061 8669 8842 9208 9025 0 10170 13624 11991 7327 6078 4589 5357 6135 7641 6848 6749 4762 5800 6919 6073 7148 7137 4803 3939 4369 4947 5800 5723 5467 5283 12273 8962 9466 12351 12972 13754 11680 4191 10645 14505 13604 10024 6567 5408 11485 9929 8880 8559 18522 8302 4769 6153 15834 15454 11446 8854 9987 8812 5600 12947 1972 9470 10844 8535 11008 11440 11025 4255 14227 
