NAME : lin105
TYPE : TSP
COMMENT : 105-city problem (Subproblem of lin318)
DIMENSION : 105
EDGE_WEIGHT_TYPE : EXPLICIT
EDGE_WEIGHT_FORMAT : FULL_MATRIX
EDGE_WEIGHT_SECTION
0 31 310 1211 1151 151 182 599 697 300 332 489 1276 1228 473 764 846 819 716 625 580 611 661 747 847 871 774 691 642 717 758 787 850 1462 1429 1085 1147 1655 1632 1221 1357 1409 1424 1367 1318 1482 1427 1380 1358 1442 1488 1540 1599 1548 1505 1567 1609 1657 1674 2124 2115 1933 1973 2046 2383 2380 2131 2161 2229 2264 2183 2227 2254 2289 2327 2292 2266 2270 2297 2323 2357 2301 2341 2344 2419 2452 2744 2745 2628 2659 2694 2725 2757 3023 3027 2844 2875 2928 2957 3190 2993 3025 564 1142 1743 
31 0 303 1208 1148 120 151 588 688 269 301 465 1266 1217 443 743 828 798 691 596 549 580 633 722 825 848 748 662 612 687 727 756 821 1445 1410 1058 1122 1634 1610 1190 1329 1382 1396 1338 1287 1454 1398 1350 1327 1412 1458 1512 1570 1518 1474 1536 1579 1628 1643 2098 2089 1903 1943 2016 2356 2352 2100 2130 2199 2235 2152 2196 2224 2259 2297 2262 2235 2239 2266 2292 2327 2270 2310 2313 2388 2421 2716 2717 2597 2629 2663 2694 2726 2995 2999 2813 2844 2898 2927 3161 2962 2994 534 1112 1713 
310 303 0 907 846 310 318 293 389 373 393 307 967 921 441 512 577 572 512 500 546 575 538 550 606 635 581 570 604 640 694 729 716 1175 1148 889 932 1391 1375 1146 1186 1220 1253 1227 1223 1315 1290 1286 1291 1349 1352 1376 1438 1415 1412 1475 1478 1500 1601 1900 1899 1790 1816 1945 2174 2178 2054 2086 2095 2118 2115 2135 2138 2153 2192 2177 2174 2201 2205 2208 2223 2232 2271 2265 2350 2354 2553 2560 2502 2523 2632 2663 2661 2842 2852 2781 2812 2808 2827 3014 2929 2961 488 1023 1638 
1211 1208 907 0 71 1208 1210 655 556 1222 1228 948 307 345 1174 766 687 777 909 1069 1226 1238 1086 929 801 822 947 1101 1251 1211 1261 1291 1136 717 751 1044 990 1024 1057 1538 1299 1258 1342 1423 1545 1398 1476 1594 1663 1644 1529 1455 1512 1584 1694 1746 1639 1570 1901 1638 1672 1857 1831 2118 1945 1979 2283 2318 2147 2126 2362 2313 2243 2194 2231 2280 2348 2438 2377 2309 2261 2466 2495 2467 2571 2494 2355 2387 2541 2525 2852 2880 2782 2662 2694 2988 3017 2839 2825 2843 3125 3155 1142 1344 1845 
1151 1148 846 71 0 1145 1145 588 488 1155 1160 878 283 307 1105 695 617 708 838 998 1156 1168 1015 859 732 753 877 1030 1181 1140 1190 1221 1067 688 716 980 930 994 1023 1471 1240 1203 1285 1362 1480 1342 1416 1530 1598 1580 1470 1400 1458 1526 1632 1684 1581 1516 1839 1608 1638 1805 1783 2063 1915 1945 2226 2261 2098 2080 2304 2258 2192 2146 2183 2229 2294 2381 2322 2258 2213 2409 2438 2411 2515 2442 2324 2354 2495 2481 2796 2825 2732 2631 2661 2934 2962 2794 2782 2812 3072 3101 1071 1278 1787 
151 120 310 1208 1145 0 31 565 667 149 181 383 1237 1183 328 673 764 724 603 491 432 462 526 631 747 767 655 554 494 572 610 639 712 1384 1346 960 1030 1558 1530 1072 1223 1280 1290 1226 1171 1346 1286 1233 1209 1295 1345 1403 1461 1405 1357 1419 1465 1519 1524 2003 1992 1791 1833 1899 2256 2250 1981 2011 2084 2122 2033 2078 2107 2145 2182 2145 2117 2120 2148 2176 2212 2151 2191 2195 2269 2303 2611 2611 2482 2514 2543 2574 2608 2887 2890 2693 2724 2782 2812 3052 2842 2874 422 999 1596 
182 151 318 1210 1145 31 0 562 665 118 150 365 1230 1175 298 656 749 706 582 464 401 432 499 609 728 748 632 527 463 542 580 608 684 1370 1330 935 1006 1538 1509 1041 1195 1253 1262 1197 1140 1318 1256 1202 1178 1264 1316 1375 1432 1375 1326 1388 1436 1490 1493 1978 1967 1761 1804 1868 2230 2223 1950 1980 2055 2092 2002 2047 2077 2115 2153 2115 2086 2089 2117 2145 2182 2120 2160 2164 2238 2273 2584 2583 2452 2485 2512 2543 2577 2859 2861 2662 2693 2751 2782 3024 2811 2843 393 969 1566 
599 588 293 655 588 565 562 0 103 568 574 313 678 629 536 307 332 363 387 481 608 627 510 423 402 434 454 536 648 638 694 729 638 892 870 716 732 1125 1117 1087 1023 1037 1087 1095 1138 1150 1157 1198 1230 1259 1220 1213 1276 1283 1320 1381 1345 1339 1522 1666 1672 1637 1649 1830 1952 1963 1960 1994 1944 1955 2028 2025 2005 2001 2040 2044 2064 2113 2094 2075 2071 2143 2178 2166 2258 2236 2343 2357 2354 2365 2543 2573 2541 2640 2655 2690 2720 2661 2671 2816 2836 2867 527 927 1527 
697 688 389 556 488 667 665 103 0 668 673 399 579 533 626 317 308 364 427 549 689 706 574 460 402 434 488 597 724 703 758 792 680 816 800 717 717 1064 1061 1125 1022 1024 1082 1105 1166 1145 1167 1225 1265 1284 1228 1208 1271 1290 1343 1403 1352 1334 1548 1622 1633 1634 1638 1840 1914 1928 1978 2012 1940 1945 2048 2037 2007 1995 2034 2046 2075 2132 2105 2077 2065 2162 2196 2180 2275 2243 2310 2327 2350 2355 2561 2591 2546 2610 2628 2706 2736 2656 2662 2787 2851 2882 606 954 1541 
300 269 373 1222 1155 149 118 568 668 0 32 314 1213 1154 188 603 702 647 509 370 286 316 400 531 665 681 551 426 347 430 465 493 581 1318 1274 844 921 1468 1435 925 1093 1155 1159 1088 1025 1214 1146 1086 1061 1148 1205 1269 1326 1264 1210 1272 1323 1382 1376 1886 1872 1650 1695 1752 2131 2123 1833 1862 1941 1981 1884 1930 1962 2002 2039 2000 1969 1971 2000 2030 2069 2002 2042 2046 2120 2156 2480 2478 2337 2371 2394 2425 2460 2752 2753 2544 2575 2636 2667 2916 2693 2725 287 858 1450 
332 301 393 1228 1160 181 150 574 673 32 0 306 1211 1151 161 592 692 634 492 346 255 285 375 513 650 665 531 400 316 400 434 461 554 1305 1260 820 899 1450 1416 893 1065 1129 1132 1058 994 1186 1116 1055 1029 1117 1175 1241 1297 1234 1179 1241 1293 1354 1344 1862 1847 1620 1665 1720 2105 2096 1801 1830 1911 1951 1852 1899 1930 1971 2009 1968 1937 1939 1968 1999 2038 1970 2010 2014 2088 2124 2452 2449 2306 2340 2362 2393 2428 2724 2724 2512 2543 2605 2636 2887 2661 2693 261 828 1419 
489 465 307 948 878 383 365 313 399 314 306 0 907 846 228 293 389 342 228 198 297 317 235 261 365 386 289 266 340 349 405 441 409 1008 967 603 660 1175 1148 844 889 932 957 922 917 1017 985 980 988 1042 1047 1078 1139 1110 1105 1168 1172 1200 1296 1636 1630 1487 1516 1638 1900 1899 1748 1781 1790 1816 1810 1828 1832 1849 1888 1871 1867 1896 1898 1902 1919 1927 1965 1959 2044 2047 2268 2273 2197 2219 2327 2358 2354 2553 2560 2476 2507 2502 2523 2723 2624 2656 218 716 1331 
1276 1266 967 307 283 1237 1230 678 579 1213 1211 907 0 71 1121 655 556 642 796 975 1145 1150 981 805 653 663 813 988 1156 1094 1137 1162 982 410 446 825 753 717 751 1335 1044 990 1080 1178 1323 1132 1226 1366 1448 1410 1275 1185 1239 1325 1456 1503 1377 1294 1659 1331 1365 1572 1541 1845 1638 1672 2017 2052 1857 1831 2098 2037 1959 1901 1938 1994 2072 2171 2099 2023 1967 2198 2225 2193 2300 2211 2048 2080 2245 2226 2577 2604 2494 2355 2387 2710 2738 2541 2525 2536 2844 2873 1064 1136 1585 
1228 1217 921 345 307 1183 1175 629 533 1154 1151 846 71 0 1057 588 488 574 728 908 1079 1083 914 736 583 593 744 920 1088 1025 1067 1092 912 384 409 756 686 688 716 1265 980 930 1018 1113 1255 1071 1161 1298 1379 1343 1212 1125 1180 1263 1390 1437 1315 1236 1593 1301 1331 1518 1489 1787 1608 1638 1957 1992 1805 1783 2037 1980 1905 1851 1888 1941 2015 2111 2043 1970 1918 2138 2166 2135 2241 2156 2017 2047 2197 2180 2519 2547 2442 2324 2354 2654 2682 2495 2481 2505 2789 2818 998 1067 1523 
473 443 441 1174 1105 328 298 536 626 188 161 228 1121 1057 0 477 579 510 357 192 112 142 218 371 519 529 385 241 174 245 285 316 393 1177 1127 663 744 1304 1267 750 905 969 971 901 845 1026 959 907 890 970 1019 1082 1138 1078 1032 1095 1138 1195 1205 1703 1687 1464 1508 1574 1945 1936 1662 1693 1757 1795 1717 1756 1781 1818 1855 1819 1794 1804 1825 1850 1885 1835 1874 1876 1953 1980 2292 2290 2155 2187 2230 2261 2285 2565 2566 2380 2411 2455 2485 2729 2529 2561 101 672 1270 
764 743 512 766 695 673 656 307 317 603 592 293 655 588 477 0 103 61 145 321 492 496 329 164 98 129 184 340 503 449 497 526 379 716 674 409 430 892 870 813 716 732 780 791 850 843 853 908 952 967 915 906 969 978 1026 1086 1040 1032 1231 1388 1389 1330 1342 1527 1666 1672 1662 1696 1637 1649 1732 1723 1699 1694 1733 1738 1761 1815 1791 1769 1764 1845 1880 1865 1959 1931 2050 2061 2047 2058 2245 2275 2236 2343 2357 2390 2420 2354 2365 2518 2535 2567 411 638 1225 
846 828 577 687 617 764 749 332 308 702 692 389 556 488 579 103 0 92 241 421 592 596 426 252 117 142 264 434 601 541 586 614 450 621 584 414 409 815 799 865 716 716 775 807 889 838 867 944 998 1000 928 901 964 989 1057 1115 1050 1026 1264 1336 1342 1326 1330 1540 1622 1632 1683 1718 1633 1637 1756 1736 1702 1687 1726 1741 1774 1838 1804 1771 1757 1867 1901 1882 1979 1940 2012 2026 2042 2047 2265 2294 2242 2309 2326 2409 2438 2349 2354 2486 2552 2583 513 679 1243 
819 798 572 777 708 724 706 363 364 647 634 342 642 574 510 61 92 0 158 340 512 513 342 163 39 71 174 347 516 452 497 523 360 672 627 355 371 837 813 781 662 674 724 742 810 787 803 867 916 925 865 850 913 927 983 1042 989 976 1189 1328 1329 1276 1286 1477 1606 1613 1615 1649 1583 1592 1686 1673 1646 1638 1677 1685 1711 1769 1742 1716 1708 1799 1833 1817 1912 1880 1990 2001 1993 2002 2198 2228 2184 2284 2298 2343 2373 2300 2309 2459 2487 2518 436 599 1177 
716 691 512 909 838 603 582 387 427 509 492 228 796 728 357 145 241 158 0 182 354 356 186 39 163 174 71 195 360 304 353 383 254 820 771 379 433 960 929 702 675 710 742 724 753 803 787 814 844 875 850 865 927 913 936 998 976 989 1137 1409 1403 1283 1305 1455 1673 1674 1579 1612 1588 1608 1645 1648 1638 1646 1685 1677 1687 1730 1718 1708 1716 1760 1797 1786 1876 1863 2045 2051 1997 2014 2161 2192 2169 2332 2341 2308 2339 2303 2320 2503 2455 2486 278 542 1149 
625 596 500 1069 998 491 464 481 549 370 346 198 975 908 192 321 421 340 182 0 172 175 40 187 343 348 196 72 184 158 214 249 228 995 943 475 553 1113 1076 648 733 789 800 747 725 858 808 788 792 851 870 916 975 931 914 977 993 1034 1102 1518 1504 1314 1350 1451 1766 1760 1555 1587 1614 1645 1616 1639 1649 1673 1712 1687 1678 1702 1709 1718 1742 1733 1771 1767 1851 1859 2121 2121 2017 2044 2133 2163 2166 2399 2403 2282 2313 2321 2345 2566 2430 2462 100 530 1144 
580 549 546 1226 1156 432 401 608 689 286 255 297 1145 1079 112 492 592 512 354 172 0 31 178 357 514 517 362 188 63 149 180 208 317 1162 1108 603 693 1265 1223 642 822 892 887 806 740 939 863 801 780 863 921 993 1047 980 926 988 1039 1103 1096 1632 1613 1366 1413 1467 1865 1853 1553 1583 1656 1696 1606 1648 1676 1717 1754 1714 1686 1693 1717 1745 1784 1724 1765 1766 1842 1872 2205 2200 2051 2086 2120 2151 2177 2473 2473 2270 2301 2351 2382 2635 2419 2451 85 575 1165 
611 580 575 1238 1168 462 432 627 706 316 285 317 1150 1083 142 496 596 513 356 175 31 0 174 355 513 514 357 178 32 123 150 177 297 1156 1101 586 677 1251 1209 611 797 869 862 779 709 914 835 771 749 833 893 966 1020 951 895 957 1010 1075 1065 1610 1590 1337 1385 1437 1840 1828 1522 1552 1626 1667 1575 1617 1646 1687 1724 1684 1656 1662 1686 1714 1754 1693 1734 1735 1811 1842 2178 2173 2021 2056 2089 2120 2147 2445 2445 2239 2270 2320 2352 2607 2388 2420 101 546 1135 
661 633 538 1086 1015 526 499 510 574 400 375 235 981 914 218 329 426 342 186 40 178 174 0 181 339 341 184 32 175 129 184 219 190 985 931 446 528 1093 1054 610 698 756 765 709 686 822 770 749 754 812 831 880 938 893 875 938 955 997 1063 1487 1472 1276 1313 1412 1733 1726 1516 1549 1575 1607 1577 1599 1610 1635 1673 1648 1638 1664 1669 1679 1704 1694 1733 1728 1812 1820 2086 2086 1979 2005 2094 2125 2127 2363 2367 2243 2274 2282 2307 2529 2391 2423 119 492 1105 
747 722 550 929 859 631 609 423 460 531 513 261 805 736 371 164 252 163 39 187 357 355 181 0 158 162 32 184 355 290 335 364 221 809 758 343 401 938 905 666 637 673 703 685 716 765 748 776 808 837 811 827 889 874 898 960 937 951 1099 1377 1369 1244 1267 1416 1639 1639 1540 1574 1549 1569 1607 1610 1599 1607 1646 1638 1648 1692 1679 1669 1677 1722 1758 1747 1838 1824 2009 2014 1958 1976 2123 2153 2130 2295 2304 2270 2300 2264 2281 2466 2417 2448 285 505 1111 
847 825 606 801 732 747 728 402 402 665 650 365 653 583 519 98 117 39 163 343 514 513 339 158 0 32 162 341 513 443 484 509 337 658 610 316 333 811 785 749 623 635 685 703 776 748 765 832 883 889 827 811 874 889 947 1005 951 937 1153 1294 1294 1237 1247 1439 1570 1576 1578 1612 1544 1553 1649 1635 1607 1599 1638 1646 1673 1732 1704 1677 1669 1762 1796 1779 1875 1842 1953 1964 1954 1963 2160 2190 2145 2246 2260 2305 2335 2261 2270 2421 2449 2480 440 565 1139 
871 848 635 822 753 767 748 434 434 681 665 386 663 593 529 129 142 71 174 348 517 514 341 162 32 0 158 339 513 438 477 500 321 648 598 285 302 791 763 724 591 604 653 672 748 716 734 803 856 860 795 779 842 857 917 976 919 905 1124 1266 1265 1205 1215 1407 1541 1546 1547 1581 1512 1522 1619 1604 1575 1567 1606 1614 1642 1701 1672 1645 1637 1731 1765 1748 1844 1810 1923 1933 1922 1931 2129 2159 2114 2216 2229 2274 2304 2229 2238 2390 2418 2449 447 538 1109 
774 748 581 947 877 655 632 454 488 551 531 289 813 744 385 184 264 174 71 196 362 357 184 32 162 158 0 181 355 282 324 350 196 801 748 314 375 921 886 638 606 643 672 653 685 734 716 745 779 806 779 795 857 842 867 928 905 919 1069 1351 1342 1212 1235 1384 1611 1610 1509 1542 1517 1538 1576 1578 1567 1575 1614 1606 1617 1661 1647 1637 1645 1691 1727 1716 1807 1792 1980 1985 1926 1944 2092 2122 2098 2265 2274 2239 2269 2233 2249 2436 2385 2417 295 474 1079 
691 662 570 1101 1030 554 527 536 597 426 400 266 988 920 241 340 434 347 195 72 188 178 32 184 341 339 181 0 174 110 163 196 159 978 923 424 509 1078 1038 578 669 730 736 678 654 793 739 717 723 780 800 850 908 862 843 906 923 967 1031 1463 1447 1245 1282 1380 1706 1698 1485 1517 1544 1576 1545 1567 1578 1604 1642 1617 1606 1632 1637 1647 1672 1663 1701 1696 1780 1788 2058 2057 1947 1974 2062 2093 2095 2334 2337 2211 2242 2251 2275 2500 2359 2391 141 460 1073 
642 612 604 1251 1181 494 463 648 724 347 316 340 1156 1088 174 503 601 516 360 184 63 32 175 355 513 513 355 174 0 101 120 146 277 1150 1094 569 662 1238 1194 579 772 846 837 750 678 887 806 740 717 801 863 939 993 921 863 926 980 1047 1033 1587 1566 1307 1356 1405 1815 1802 1490 1520 1596 1638 1543 1585 1615 1657 1694 1653 1624 1630 1655 1683 1723 1661 1702 1703 1779 1810 2151 2145 1990 2025 2057 2088 2115 2417 2416 2207 2238 2289 2321 2578 2356 2388 123 517 1103 
717 687 640 1211 1140 572 542 638 703 430 400 349 1094 1025 245 449 541 452 304 158 149 123 129 290 443 438 282 110 101 0 57 92 178 1064 1006 470 564 1142 1097 513 675 747 739 659 603 791 717 665 655 728 775 845 899 834 791 853 894 955 969 1488 1467 1220 1266 1332 1718 1706 1426 1457 1513 1551 1483 1515 1537 1574 1611 1576 1554 1569 1585 1606 1641 1600 1640 1638 1718 1739 2056 2052 1911 1943 1998 2029 2045 2325 2325 2148 2179 2212 2241 2488 2296 2328 158 429 1028 
758 727 694 1261 1190 610 580 694 758 465 434 405 1137 1067 285 497 586 497 353 214 180 150 184 335 484 477 324 163 120 57 0 36 188 1090 1030 477 575 1154 1106 466 658 736 721 631 561 771 687 623 607 685 744 822 874 802 747 810 860 928 921 1478 1454 1187 1236 1289 1700 1686 1379 1409 1477 1518 1434 1471 1497 1538 1575 1536 1510 1521 1541 1566 1604 1552 1592 1592 1670 1695 2033 2026 1872 1906 1949 1980 2001 2298 2296 2099 2130 2172 2203 2459 2248 2280 208 398 986 
787 756 729 1291 1221 639 608 729 792 493 461 441 1162 1092 316 526 614 523 383 249 208 177 219 364 509 500 350 196 146 92 36 0 198 1105 1043 481 581 1159 1109 435 646 727 708 612 533 756 666 594 574 656 722 805 856 779 718 780 836 909 890 1468 1443 1164 1215 1260 1686 1671 1347 1378 1451 1494 1402 1441 1469 1512 1549 1508 1479 1489 1510 1538 1579 1520 1560 1560 1638 1665 2014 2007 1845 1881 1916 1947 1970 2277 2275 2066 2097 2144 2176 2437 2215 2247 242 378 958 
850 821 716 1136 1067 712 684 638 680 581 554 409 982 912 393 379 450 360 254 228 317 297 190 221 337 321 196 159 277 178 188 198 0 907 846 293 389 968 921 450 512 577 579 520 511 635 581 573 593 635 643 692 749 705 698 761 767 808 893 1315 1297 1087 1123 1229 1552 1543 1342 1374 1387 1418 1405 1420 1424 1447 1485 1463 1459 1491 1490 1494 1515 1522 1559 1552 1638 1638 1900 1899 1791 1817 1922 1953 1945 2175 2178 2071 2101 2096 2119 2341 2218 2250 294 307 922 
1462 1445 1175 717 688 1384 1370 892 816 1318 1305 1008 410 384 1177 716 621 672 820 995 1162 1156 985 809 658 648 801 978 1150 1064 1090 1105 907 0 71 655 556 307 344 1139 765 686 781 912 1093 821 946 1121 1223 1153 983 863 908 1023 1187 1223 1065 955 1375 921 956 1210 1166 1502 1228 1262 1684 1718 1479 1445 1767 1687 1591 1520 1555 1625 1719 1834 1745 1652 1584 1859 1882 1845 1953 1844 1638 1671 1857 1831 2223 2249 2117 1945 1978 2350 2377 2147 2126 2126 2479 2507 1094 947 1271 
1429 1410 1148 751 716 1346 1330 870 800 1274 1260 967 446 409 1127 674 584 627 771 943 1108 1101 931 758 610 598 748 923 1094 1006 1030 1043 846 71 0 588 488 284 307 1069 695 617 713 842 1023 753 877 1051 1153 1083 915 797 843 955 1117 1154 998 891 1307 893 922 1151 1110 1439 1199 1229 1620 1655 1424 1393 1703 1626 1534 1466 1502 1568 1659 1771 1685 1596 1531 1796 1819 1784 1892 1787 1609 1638 1806 1784 2163 2189 2063 1916 1945 2292 2318 2099 2081 2096 2422 2450 1042 878 1204 
1085 1058 889 1044 980 960 935 716 717 844 820 603 825 756 663 409 414 355 379 475 603 586 446 343 316 285 314 424 569 470 477 481 293 655 588 0 103 678 629 512 307 332 371 394 502 434 454 550 625 601 514 497 560 575 654 709 637 623 862 1044 1032 921 935 1126 1299 1297 1271 1305 1228 1241 1344 1323 1291 1285 1324 1330 1360 1426 1391 1361 1355 1455 1488 1469 1566 1527 1667 1672 1638 1650 1852 1881 1830 1953 1963 1995 2025 1945 1956 2125 2138 2169 564 313 830 
1147 1122 932 990 930 1030 1006 732 717 921 899 660 753 686 744 430 409 371 433 553 693 677 528 401 333 302 375 509 662 564 575 581 389 556 488 103 0 579 533 595 316 307 371 433 571 433 487 613 698 658 543 495 557 600 706 756 658 619 912 977 971 919 921 1146 1244 1247 1301 1336 1225 1228 1377 1343 1298 1279 1318 1337 1380 1456 1410 1367 1349 1485 1516 1493 1594 1540 1622 1632 1634 1638 1877 1907 1839 1914 1927 2019 2048 1940 1945 2089 2160 2190 647 398 860 
1655 1634 1391 1024 994 1558 1538 1125 1064 1468 1450 1175 717 688 1304 892 815 837 960 1113 1265 1251 1093 938 811 791 921 1078 1238 1142 1154 1159 968 307 284 678 579 0 71 1074 655 556 644 798 999 663 813 1012 1125 1028 833 687 716 857 1047 1070 885 749 1212 614 650 965 906 1271 921 956 1460 1493 1210 1166 1544 1445 1332 1246 1280 1364 1475 1604 1498 1389 1307 1626 1645 1603 1713 1584 1331 1364 1572 1541 1972 1997 1844 1638 1671 2093 2118 1857 1831 1819 2216 2243 1211 907 1078 
1632 1610 1375 1057 1023 1530 1509 1117 1061 1435 1416 1148 751 716 1267 870 799 813 929 1076 1223 1209 1054 905 785 763 886 1038 1194 1097 1106 1109 921 344 307 629 533 71 0 1010 588 488 575 730 932 593 744 943 1058 958 763 617 646 787 977 1000 815 680 1142 587 615 900 844 1204 893 922 1393 1426 1151 1110 1477 1381 1270 1188 1223 1303 1410 1538 1434 1329 1250 1560 1580 1538 1648 1523 1302 1331 1519 1490 1909 1934 1787 1609 1638 2031 2057 1806 1784 1790 2156 2183 1172 846 1008 
1221 1190 1146 1538 1471 1072 1041 1087 1125 925 893 844 1335 1265 750 813 865 781 702 648 642 611 610 666 749 724 638 578 579 513 466 435 450 1139 1069 512 595 1074 1010 0 426 528 458 304 122 474 327 173 145 229 361 497 527 401 289 349 447 563 457 1198 1157 766 833 828 1363 1335 913 945 1036 1089 971 1007 1042 1097 1132 1079 1045 1057 1076 1109 1161 1088 1128 1127 1206 1232 1648 1632 1420 1461 1487 1518 1536 1892 1883 1636 1667 1715 1751 2044 1785 1817 671 199 531 
1357 1329 1186 1299 1240 1223 1195 1023 1022 1093 1065 889 1044 980 905 716 716 662 675 733 822 797 698 637 623 591 606 669 772 675 658 646 512 765 695 307 316 655 588 426 0 103 68 149 345 129 184 362 472 389 232 191 254 286 423 463 343 316 619 825 798 614 631 830 1044 1032 987 1022 921 935 1064 1027 987 978 1017 1025 1064 1142 1094 1056 1048 1170 1201 1177 1278 1225 1389 1389 1331 1343 1562 1591 1527 1667 1672 1703 1732 1638 1650 1835 1844 1874 806 293 547 
1409 1382 1220 1258 1203 1280 1253 1037 1024 1155 1129 932 990 930 969 732 716 674 710 789 892 869 756 673 635 604 643 730 846 747 736 727 577 686 617 332 307 556 488 528 103 0 96 243 445 142 264 457 570 477 298 198 257 340 505 538 388 317 690 742 721 615 614 860 977 971 1028 1063 919 921 1108 1055 998 973 1012 1036 1091 1182 1120 1066 1042 1209 1237 1209 1314 1243 1337 1342 1327 1331 1594 1622 1540 1622 1632 1732 1760 1634 1638 1794 1870 1900 869 389 596 
1424 1396 1253 1342 1285 1290 1262 1087 1082 1159 1132 957 1080 1018 971 780 775 724 742 800 887 862 765 703 685 653 672 736 837 739 721 708 579 781 713 371 371 644 575 458 68 96 0 158 363 63 171 369 485 385 203 126 189 247 410 442 298 252 595 768 738 552 565 779 979 967 942 976 859 870 1020 975 928 914 953 967 1012 1096 1041 997 984 1124 1153 1127 1230 1170 1322 1322 1269 1279 1512 1541 1469 1599 1605 1652 1681 1576 1585 1768 1792 1822 872 346 506 
1367 1338 1227 1423 1362 1226 1197 1095 1105 1088 1058 922 1178 1113 901 791 807 742 724 747 806 779 709 685 703 672 653 678 750 659 631 612 520 912 842 394 433 798 730 304 149 243 158 0 205 171 63 215 328 241 126 203 247 189 279 325 252 298 481 901 864 568 607 736 1087 1066 877 912 869 898 951 932 914 928 967 953 971 1032 1001 984 997 1061 1094 1076 1173 1141 1403 1396 1276 1298 1458 1488 1447 1667 1667 1602 1632 1581 1601 1829 1747 1778 805 234 437 
1318 1287 1223 1545 1480 1171 1140 1138 1166 1025 994 917 1323 1255 845 850 889 810 753 725 740 709 686 716 776 748 685 654 678 603 561 533 511 1093 1023 502 571 999 932 122 345 445 363 205 0 369 215 63 131 126 241 385 410 279 189 252 325 442 384 1083 1040 647 713 730 1242 1213 832 865 923 972 895 915 937 984 1020 975 954 981 985 1006 1049 1012 1049 1043 1128 1137 1527 1511 1313 1351 1412 1443 1444 1772 1765 1560 1591 1612 1644 1926 1708 1740 760 213 426 
1482 1454 1315 1398 1342 1346 1318 1150 1145 1214 1186 1017 1132 1071 1026 843 838 787 803 858 939 914 822 765 748 716 734 793 887 791 771 756 635 821 753 434 433 663 593 474 129 142 63 171 369 0 158 363 482 369 171 63 126 203 385 410 247 189 558 733 699 489 503 721 932 916 887 922 796 807 966 917 866 851 890 904 953 1041 982 935 921 1068 1097 1070 1173 1109 1267 1265 1206 1216 1454 1483 1407 1542 1546 1593 1622 1513 1522 1709 1732 1762 927 386 455 
1427 1398 1290 1476 1416 1286 1256 1157 1167 1146 1116 985 1226 1161 959 853 867 803 787 808 863 835 770 748 765 734 716 739 806 717 687 666 581 946 877 454 487 813 744 327 184 264 171 63 215 158 0 205 324 215 63 171 203 126 241 279 189 247 435 871 830 507 550 674 1044 1020 818 853 807 837 893 871 851 866 904 890 909 973 939 921 935 1002 1035 1016 1113 1079 1351 1342 1213 1236 1398 1428 1384 1612 1610 1542 1572 1518 1539 1772 1686 1716 865 289 377 
1380 1350 1286 1594 1530 1233 1202 1198 1225 1086 1055 980 1366 1298 907 908 944 867 814 788 801 771 749 776 832 803 745 717 740 665 623 594 573 1121 1051 550 613 1012 943 173 362 457 369 215 63 363 205 0 119 63 215 369 385 241 126 189 279 410 324 1058 1013 595 664 667 1205 1173 769 802 865 917 833 852 876 926 962 914 891 919 922 944 990 949 987 980 1066 1074 1479 1462 1252 1291 1350 1380 1381 1720 1711 1498 1529 1550 1583 1872 1646 1677 823 272 364 
1358 1327 1291 1663 1598 1209 1178 1230 1265 1061 1029 988 1448 1379 890 952 998 916 844 792 780 749 754 808 883 856 779 723 717 655 607 574 593 1223 1153 625 698 1125 1058 145 472 570 485 328 131 482 324 119 0 138 331 487 500 350 179 230 379 520 316 1172 1124 675 753 699 1307 1273 773 804 924 985 828 871 918 985 1019 955 910 915 940 984 1047 946 986 987 1064 1097 1566 1545 1297 1343 1344 1374 1400 1797 1784 1493 1524 1588 1628 1943 1642 1674 813 320 414 
1442 1412 1349 1644 1580 1295 1264 1259 1284 1148 1117 1042 1410 1343 970 967 1000 925 875 851 863 833 812 837 889 860 806 780 801 728 685 656 635 1153 1083 601 658 1028 958 229 389 477 385 241 126 369 215 63 138 0 205 363 369 215 63 126 241 385 265 1037 988 544 619 605 1170 1136 707 740 807 862 771 789 815 868 904 853 828 857 859 883 932 887 924 917 1004 1012 1433 1414 1192 1232 1288 1318 1318 1669 1659 1436 1466 1489 1523 1818 1583 1615 885 333 303 
1488 1458 1352 1529 1470 1345 1316 1220 1228 1205 1175 1047 1275 1212 1019 915 928 865 850 870 921 893 831 811 827 795 779 800 863 775 744 722 643 983 915 514 543 833 763 361 232 298 203 126 241 171 63 215 331 205 0 158 171 63 215 241 126 203 393 845 801 446 494 613 1003 976 760 794 745 777 835 809 788 804 842 827 847 915 877 858 873 943 975 955 1054 1016 1300 1289 1150 1174 1338 1368 1322 1557 1554 1481 1511 1456 1476 1716 1625 1656 925 347 319 
1540 1512 1376 1455 1400 1403 1375 1213 1208 1269 1241 1078 1185 1125 1082 906 901 850 865 916 993 966 880 827 811 779 795 850 939 845 822 805 692 863 797 497 495 687 617 497 191 198 126 203 385 63 171 369 487 363 158 0 63 171 369 385 203 126 526 701 663 426 440 663 886 867 833 868 733 745 914 858 804 788 827 842 894 987 923 873 858 1013 1041 1012 1117 1048 1212 1209 1143 1153 1397 1425 1346 1484 1488 1534 1563 1450 1460 1650 1673 1703 983 431 408 
1599 1570 1438 1512 1458 1461 1432 1276 1271 1326 1297 1139 1239 1180 1138 969 964 913 927 975 1047 1020 938 889 874 842 857 908 993 899 874 856 749 908 843 560 557 716 646 527 254 257 189 247 410 126 203 385 500 369 171 63 0 158 363 369 171 63 499 675 631 363 379 607 842 820 781 815 670 682 862 801 743 725 764 781 836 934 865 811 795 960 986 956 1061 987 1159 1153 1080 1090 1340 1368 1284 1427 1429 1476 1505 1387 1397 1592 1614 1644 1040 480 365 
1548 1518 1415 1584 1526 1405 1375 1283 1290 1264 1234 1110 1325 1263 1078 978 989 927 913 931 980 951 893 874 889 857 842 862 921 834 802 779 705 1023 955 575 600 857 787 401 286 340 247 189 279 203 126 241 350 215 63 171 158 0 205 215 63 171 357 823 775 387 439 551 965 935 702 737 683 717 779 748 725 743 781 764 786 857 816 795 811 885 917 895 995 954 1251 1237 1088 1113 1279 1308 1259 1503 1498 1421 1451 1393 1414 1660 1564 1595 985 407 262 
1505 1474 1412 1694 1632 1357 1326 1320 1343 1210 1179 1105 1456 1390 1032 1026 1057 983 936 914 926 895 875 898 947 917 867 843 863 791 747 718 698 1187 1117 654 706 1047 977 289 423 505 410 279 189 385 241 126 179 63 215 369 363 205 0 63 215 369 208 1019 968 496 576 542 1137 1100 644 677 750 808 709 726 754 811 846 792 765 795 796 822 874 825 862 854 941 949 1388 1367 1132 1174 1226 1256 1255 1619 1607 1374 1404 1427 1463 1766 1521 1552 948 395 243 
1567 1536 1475 1746 1684 1419 1388 1381 1403 1272 1241 1168 1503 1437 1095 1086 1115 1042 998 977 988 957 938 960 1005 976 928 906 926 853 810 780 761 1223 1154 709 756 1070 1000 349 463 538 442 325 252 410 279 189 230 126 241 385 369 215 63 0 205 363 156 1005 951 453 538 480 1107 1067 582 615 695 756 648 663 694 755 790 731 702 733 733 761 818 763 800 792 879 886 1344 1321 1072 1115 1164 1194 1192 1569 1555 1311 1342 1366 1403 1714 1459 1490 1011 456 184 
1609 1579 1478 1639 1581 1465 1436 1345 1352 1323 1293 1172 1377 1315 1138 1040 1050 989 976 993 1039 1010 955 937 951 919 905 923 980 894 860 836 767 1065 998 637 658 885 815 447 343 388 298 252 325 247 189 279 379 241 126 203 171 63 215 205 0 158 329 805 753 328 388 490 929 896 645 680 621 658 723 687 662 681 719 701 724 800 755 732 749 828 858 835 936 891 1202 1187 1025 1051 1220 1249 1196 1449 1443 1361 1391 1330 1352 1605 1503 1534 1046 467 209 
1657 1628 1500 1570 1516 1519 1490 1339 1334 1382 1354 1200 1294 1236 1195 1032 1026 976 989 1034 1103 1075 997 951 937 905 919 967 1047 955 928 909 808 955 891 623 619 749 680 563 316 317 252 298 442 189 247 410 520 385 203 126 63 171 369 363 158 0 480 653 605 300 317 552 801 775 730 764 607 619 812 744 681 662 701 719 779 882 807 749 732 907 932 900 1007 927 1106 1098 1017 1027 1284 1311 1223 1371 1372 1419 1447 1324 1334 1534 1556 1585 1098 532 329 
1674 1643 1601 1901 1839 1524 1493 1522 1548 1376 1344 1296 1659 1593 1205 1231 1264 1189 1137 1102 1096 1065 1063 1099 1153 1124 1069 1031 1033 969 921 890 893 1375 1307 862 912 1212 1142 457 619 690 595 481 384 558 435 324 316 265 393 526 499 357 208 156 329 480 0 1090 1030 477 575 399 1154 1107 458 488 658 736 515 559 625 716 746 659 597 601 627 687 771 632 671 671 750 786 1348 1317 1001 1057 1032 1062 1087 1549 1528 1181 1211 1284 1329 1683 1329 1361 1127 596 188 
2124 2098 1900 1638 1608 2003 1978 1666 1622 1886 1862 1636 1331 1301 1703 1388 1336 1328 1409 1518 1632 1610 1487 1377 1294 1266 1351 1463 1587 1488 1478 1468 1315 921 893 1044 977 614 587 1198 825 742 768 901 1083 733 871 1058 1172 1037 845 701 675 823 1019 1005 805 653 1090 0 71 655 556 948 307 345 1136 1162 765 686 1214 1068 909 777 801 929 1086 1248 1100 946 821 1261 1266 1211 1317 1136 717 751 1044 990 1533 1553 1344 1024 1057 1630 1651 1299 1258 1205 1734 1757 1603 1113 907 
2115 2089 1899 1672 1638 1992 1967 1672 1633 1872 1847 1630 1365 1331 1687 1389 1342 1329 1403 1504 1613 1590 1472 1369 1294 1265 1342 1447 1566 1467 1454 1443 1297 956 922 1032 971 650 615 1157 798 721 738 864 1040 699 830 1013 1124 988 801 663 631 775 968 951 753 605 1030 71 0 588 488 878 283 307 1066 1092 695 617 1144 997 838 708 732 859 1015 1177 1030 876 752 1191 1195 1140 1247 1067 688 716 980 930 1464 1484 1278 994 1023 1562 1583 1240 1203 1175 1667 1691 1587 1082 846 
1933 1903 1790 1857 1805 1791 1761 1637 1634 1650 1620 1487 1572 1518 1464 1330 1326 1276 1283 1314 1366 1337 1276 1244 1237 1205 1212 1245 1307 1220 1187 1164 1087 1210 1151 921 919 965 900 766 614 615 552 568 647 489 507 595 675 544 446 426 363 387 496 453 328 300 477 655 588 0 103 313 678 630 507 538 307 332 590 481 387 364 403 424 511 643 536 454 434 664 681 639 749 639 892 871 717 733 1013 1039 928 1126 1118 1141 1168 1024 1038 1279 1273 1302 1370 792 293 
1973 1943 1816 1831 1783 1833 1804 1649 1638 1695 1665 1516 1541 1489 1508 1342 1330 1286 1305 1350 1413 1385 1313 1267 1247 1215 1235 1282 1356 1266 1236 1215 1123 1166 1110 935 921 906 844 833 631 614 565 607 713 503 550 664 753 619 494 440 379 439 576 538 388 317 575 556 488 103 0 399 579 533 592 620 316 307 673 548 427 364 402 460 574 719 596 487 433 737 750 703 813 680 816 800 717 717 1067 1091 954 1064 1061 1188 1214 1022 1024 1223 1314 1342 1412 839 389 
2046 2016 1945 2118 2063 1899 1868 1830 1840 1752 1720 1638 1845 1787 1574 1527 1540 1477 1455 1451 1467 1437 1412 1416 1439 1407 1384 1380 1405 1332 1289 1260 1229 1502 1439 1126 1146 1271 1204 828 830 860 779 736 730 721 674 667 699 605 613 663 607 551 542 480 490 552 399 948 878 313 399 0 907 846 194 225 293 389 277 197 228 342 365 261 235 334 265 289 385 358 381 349 455 409 1008 967 603 660 734 762 716 1175 1148 873 902 889 932 1298 1014 1045 1489 922 307 
2383 2356 2174 1945 1915 2256 2230 1952 1914 2131 2105 1900 1638 1608 1945 1666 1622 1606 1673 1766 1865 1840 1733 1639 1570 1541 1611 1706 1815 1718 1700 1686 1552 1228 1199 1299 1244 921 893 1363 1044 977 979 1087 1242 932 1044 1205 1307 1170 1003 886 842 965 1137 1107 929 801 1154 307 283 678 579 907 0 71 1074 1092 655 556 1141 974 796 642 653 805 981 1154 988 813 663 1160 1155 1094 1191 982 410 446 825 753 1366 1381 1136 717 751 1442 1459 1044 990 898 1529 1548 1845 1315 967 
2380 2352 2178 1979 1945 2250 2223 1963 1928 2123 2096 1899 1672 1638 1936 1672 1632 1613 1674 1760 1853 1828 1726 1639 1576 1546 1610 1698 1802 1706 1686 1671 1543 1262 1229 1297 1247 956 922 1335 1032 971 967 1066 1213 916 1020 1173 1273 1136 976 867 820 935 1100 1067 896 775 1107 345 307 630 533 846 71 0 1009 1027 588 488 1076 907 728 574 583 736 914 1087 920 744 593 1092 1086 1025 1121 912 384 409 756 686 1295 1310 1067 688 716 1372 1389 980 930 869 1459 1479 1836 1297 921 
2131 2100 2054 2283 2226 1981 1950 1960 1978 1833 1801 1748 2017 1957 1662 1662 1683 1615 1579 1555 1553 1522 1516 1540 1578 1547 1509 1485 1490 1426 1379 1347 1342 1684 1620 1271 1301 1460 1393 913 987 1028 942 877 832 887 818 769 773 707 760 833 781 702 644 582 645 730 458 1136 1066 507 592 194 1074 1009 0 35 427 529 84 141 304 458 467 318 168 156 192 331 476 185 219 214 298 349 1124 1074 613 693 584 614 636 1251 1215 730 761 861 922 1354 877 909 1584 1038 442 
2161 2130 2086 2318 2261 2011 1980 1994 2012 1862 1830 1781 2052 1992 1693 1696 1718 1649 1612 1587 1583 1552 1549 1574 1612 1581 1542 1517 1520 1457 1409 1378 1374 1718 1655 1305 1336 1493 1426 945 1022 1063 976 912 865 922 853 802 804 740 794 868 815 737 677 615 680 764 488 1162 1092 538 620 225 1092 1027 35 0 441 544 53 138 313 469 475 322 158 121 179 332 482 150 185 185 265 331 1130 1079 603 686 550 580 611 1249 1211 697 727 842 906 1348 844 876 1615 1071 476 
2229 2199 2095 2147 2098 2084 2055 1944 1940 1941 1911 1790 1857 1805 1757 1637 1633 1583 1588 1614 1656 1626 1575 1549 1544 1512 1517 1544 1596 1513 1477 1451 1387 1479 1424 1228 1225 1210 1151 1036 921 919 859 869 923 796 807 865 924 807 745 733 670 683 750 695 621 607 658 765 695 307 316 293 655 588 427 441 0 103 489 320 146 61 98 165 330 501 340 184 129 509 507 449 553 380 716 675 410 431 776 798 639 892 871 887 911 717 733 1026 1006 1033 1666 1087 512 
2264 2235 2118 2126 2080 2122 2092 1955 1945 1981 1951 1816 1831 1783 1795 1649 1637 1592 1608 1645 1696 1667 1607 1569 1553 1522 1538 1576 1638 1551 1518 1494 1418 1445 1393 1241 1228 1166 1110 1089 935 921 870 898 972 807 837 917 985 862 777 745 682 717 808 756 658 619 736 686 617 332 307 389 556 488 529 544 103 0 591 420 241 92 117 252 426 599 434 264 142 606 601 541 642 451 622 584 415 410 848 868 680 816 800 949 971 717 717 958 1060 1086 1701 1123 576 
2183 2152 2115 2362 2304 2033 2002 2028 2048 1884 1852 1810 2098 2037 1717 1732 1756 1686 1645 1616 1606 1575 1577 1607 1649 1619 1576 1545 1543 1483 1434 1402 1405 1767 1703 1344 1377 1544 1477 971 1064 1108 1020 951 895 966 893 833 828 771 835 914 862 779 709 648 723 812 515 1214 1144 590 673 277 1141 1076 84 53 489 591 0 176 356 513 517 362 188 87 201 369 523 118 159 177 236 340 1170 1117 623 710 518 548 604 1279 1239 667 697 848 917 1372 815 847 1640 1103 517 
2227 2196 2135 2313 2258 2078 2047 2025 2037 1930 1899 1828 2037 1980 1756 1723 1736 1673 1648 1639 1648 1617 1599 1610 1635 1604 1578 1567 1585 1515 1471 1441 1420 1687 1626 1323 1343 1445 1381 1007 1027 1055 975 932 915 917 871 852 871 789 809 858 801 748 726 663 687 744 559 1068 997 481 548 197 974 907 141 138 320 420 176 0 181 339 342 186 39 182 70 195 347 194 203 158 268 227 994 942 474 553 540 568 530 1112 1075 677 706 733 789 1213 817 848 1673 1113 500 
2254 2224 2138 2243 2192 2107 2077 2005 2007 1962 1930 1832 1959 1905 1781 1699 1702 1646 1638 1649 1676 1646 1610 1599 1607 1575 1567 1578 1615 1537 1497 1469 1424 1591 1534 1291 1298 1332 1270 1042 987 998 928 914 937 866 851 876 918 815 788 804 743 725 754 694 662 681 625 909 838 387 427 228 796 728 304 313 146 241 356 181 0 158 163 39 186 359 195 70 173 365 362 304 409 254 820 771 379 433 643 666 542 960 929 762 787 675 710 1076 889 917 1693 1119 512 
2289 2259 2153 2194 2146 2145 2115 2001 1995 2002 1971 1849 1901 1851 1818 1694 1687 1638 1646 1673 1717 1687 1635 1607 1599 1567 1575 1604 1657 1574 1538 1512 1447 1520 1466 1285 1279 1246 1188 1097 978 973 914 928 984 851 866 926 985 868 804 788 725 743 811 755 681 662 716 777 708 364 364 342 642 574 458 469 61 92 513 339 158 0 39 163 342 515 347 173 70 520 513 452 552 360 672 627 355 371 757 777 599 837 813 860 883 662 674 967 975 1000 1726 1147 572 
2327 2297 2192 2231 2183 2182 2153 2040 2034 2039 2009 1888 1938 1888 1855 1733 1726 1677 1685 1712 1754 1724 1673 1646 1638 1606 1614 1642 1694 1611 1575 1549 1485 1555 1502 1324 1318 1280 1223 1132 1017 1012 953 967 1020 890 904 962 1019 904 842 827 764 781 846 790 719 701 746 801 732 403 402 365 653 583 467 475 98 117 517 342 163 39 0 158 339 513 341 162 31 515 505 443 538 337 658 610 316 333 733 752 565 811 785 832 854 623 635 938 944 969 1764 1185 606 
2292 2262 2177 2280 2229 2145 2115 2044 2046 2000 1968 1871 1994 1941 1819 1738 1741 1685 1677 1687 1714 1684 1648 1638 1646 1614 1606 1617 1653 1576 1536 1508 1463 1625 1568 1330 1337 1364 1303 1079 1025 1036 967 953 975 904 890 914 955 853 827 842 781 764 792 731 701 719 659 929 859 424 460 261 805 736 318 322 165 252 362 186 39 163 158 0 181 355 184 31 162 358 350 290 391 221 809 758 343 401 614 637 505 938 905 730 755 637 673 1049 855 883 1732 1157 550 
2266 2235 2174 2348 2294 2117 2086 2064 2075 1969 1937 1867 2072 2015 1794 1761 1774 1711 1687 1678 1686 1656 1638 1648 1673 1642 1617 1606 1624 1554 1510 1479 1459 1719 1659 1360 1380 1475 1410 1045 1064 1091 1012 971 954 953 909 891 910 828 847 894 836 786 765 702 724 779 597 1086 1015 511 574 235 981 914 168 158 330 426 188 39 186 342 339 181 0 174 31 184 341 180 181 129 240 190 985 931 446 528 505 533 492 1093 1054 641 669 698 756 1190 780 811 1712 1152 538 
2270 2239 2201 2438 2381 2120 2089 2113 2132 1971 1939 1896 2171 2111 1804 1815 1838 1769 1730 1702 1693 1662 1664 1692 1732 1701 1661 1632 1630 1569 1521 1489 1491 1834 1771 1426 1456 1604 1538 1057 1142 1182 1096 1032 981 1041 973 919 915 857 915 987 934 857 795 733 800 882 601 1248 1177 643 719 334 1154 1087 156 121 501 599 87 182 359 515 513 355 174 0 174 355 513 31 73 106 149 282 1151 1095 573 666 432 462 525 1241 1198 580 611 779 852 1325 728 760 1727 1189 597 
2297 2266 2205 2377 2322 2148 2117 2094 2105 2000 1968 1898 2099 2043 1825 1791 1804 1742 1718 1709 1717 1686 1669 1679 1704 1672 1647 1637 1655 1585 1541 1510 1490 1745 1685 1391 1410 1498 1434 1076 1094 1120 1041 1001 985 982 939 922 940 859 877 923 865 816 796 733 755 807 627 1100 1030 536 596 265 988 920 192 179 340 434 201 70 195 347 341 184 31 174 0 181 339 174 168 111 219 160 979 923 425 510 479 505 461 1079 1038 612 641 670 730 1172 751 781 1743 1183 569 
2323 2292 2208 2309 2258 2176 2145 2075 2077 2030 1999 1902 2023 1970 1850 1769 1771 1716 1708 1718 1745 1714 1679 1669 1677 1645 1637 1647 1683 1606 1566 1538 1494 1652 1596 1361 1367 1389 1329 1109 1056 1066 997 984 1006 935 921 944 984 883 858 873 811 795 822 761 732 749 687 946 876 454 487 289 813 744 331 332 184 264 369 195 70 173 162 31 184 355 181 0 158 355 344 282 379 196 801 748 315 376 592 614 475 921 886 705 730 607 644 1029 828 856 1762 1188 580 
2357 2327 2223 2261 2213 2212 2182 2071 2065 2069 2038 1919 1967 1918 1885 1764 1757 1708 1716 1742 1784 1754 1704 1677 1669 1637 1645 1672 1723 1641 1604 1579 1515 1584 1531 1355 1349 1307 1250 1161 1048 1042 984 997 1049 921 935 990 1047 932 873 858 795 811 874 818 749 732 771 821 752 434 433 385 663 593 476 482 129 142 523 347 173 70 31 162 341 513 339 158 0 513 501 438 530 322 649 599 286 303 715 733 539 792 764 810 832 592 605 915 920 945 1794 1215 634 
2301 2270 2232 2466 2409 2151 2120 2143 2162 2002 1970 1927 2198 2138 1835 1845 1867 1799 1760 1733 1724 1693 1694 1722 1762 1731 1691 1663 1661 1600 1552 1520 1522 1859 1796 1455 1485 1626 1560 1088 1170 1209 1124 1061 1012 1068 1002 949 946 887 943 1013 960 885 825 763 828 907 632 1261 1191 664 737 358 1160 1092 185 150 509 606 118 194 365 520 515 358 180 31 174 355 513 0 43 88 118 265 1147 1089 557 652 401 432 497 1229 1184 549 580 755 830 1310 697 729 1758 1219 626 
2341 2310 2271 2495 2438 2191 2160 2178 2196 2042 2010 1965 2225 2166 1874 1880 1901 1833 1797 1771 1765 1734 1733 1758 1796 1765 1727 1701 1702 1640 1592 1560 1559 1882 1819 1488 1516 1645 1580 1128 1201 1237 1153 1094 1049 1097 1035 987 986 924 975 1041 986 917 862 800 858 932 671 1266 1195 681 750 381 1155 1086 219 185 507 601 159 203 362 513 505 350 181 73 168 344 501 43 0 63 80 233 1127 1068 526 622 365 395 455 1200 1154 512 543 715 791 1277 659 691 1798 1256 658 
2344 2313 2265 2467 2411 2195 2164 2166 2180 2046 2014 1959 2193 2135 1876 1865 1882 1817 1786 1767 1766 1735 1728 1747 1779 1748 1716 1696 1703 1638 1592 1560 1552 1845 1784 1469 1493 1603 1538 1127 1177 1209 1127 1076 1043 1070 1016 980 987 917 955 1012 956 895 854 792 835 900 671 1211 1140 639 703 349 1094 1025 214 185 449 541 177 158 304 452 443 290 129 106 111 282 438 88 63 0 111 178 1064 1006 470 564 385 414 429 1142 1097 527 556 675 747 1222 671 702 1796 1247 640 
