NAME : pr107
TYPE : TSP
COMMENT : 107-city problem (Padberg/Rinaldi)
DIMENSION : 107
EDGE_WEIGHT_TYPE : EXPLICIT
EDGE_WEIGHT_FORMAT : FULL_MATRIX
EDGE_WEIGHT_SECTION
0 400 200 283 448 283 807 750 985 922 950 971 1500 1553 1700 1712 1747 1712 2300 2335 2500 2508 2532 2508 3100 3126 3300 3307 3325 3307 4000 4020 4200 4205 4220 4205 4900 4917 5100 5104 5116 5104 5800 5764 6000 6004 5964 5954 6600 6613 6800 6803 6812 6803 10087 9566 9029 8553 8149 7859 7642 7511 7453 7650 8050 7653 7853 8053 8081 7687 7902 8101 7709 7796 8189 7837 8032 8228 7989 8373 8049 8239 8430 8255 8627 8332 8516 8701 8633 8990 8728 8903 9080 9085 9425 9195 9362 9530 9601 9893 9723 9851 10011 10104 10410 10236 10386 
400 0 448 633 200 283 700 850 900 922 1031 1124 1553 1500 1747 1803 1700 1712 2335 2300 2532 2571 2500 2508 3126 3100 3325 3355 3300 3307 4020 4000 4220 4243 4200 4205 4917 4900 5116 5136 5100 5104 5814 5750 6014 6030 5950 5954 6613 6600 6812 6827 6800 6803 9796 9258 8702 8207 7785 7481 7253 7114 7053 7250 7650 7253 7453 7653 7682 7289 7505 7703 7312 7404 7796 7447 7642 7837 7607 7989 7669 7859 8049 7885 8255 7966 8149 8332 8281 8633 8379 8553 8728 8751 9085 8865 9029 9195 9285 9571 9411 9535 9692 9805 10104 9940 10087 
200 448 0 200 400 200 641 550 807 729 750 777 1300 1361 1500 1514 1553 1514 2100 2138 2300 2309 2335 2309 2900 2928 3100 3107 3126 3107 3800 3821 4000 4005 4020 4005 4700 4717 4900 4905 4917 4905 5600 5565 5800 5804 5764 5754 6400 6413 6600 6604 6613 6604 9954 9442 8917 8456 8070 7797 7600 7488 7450 7653 8053 7650 7850 8050 8066 7670 7882 8081 7687 7760 8155 7796 7993 8189 7934 8320 7989 8181 8373 8182 8557 8255 8440 8627 8542 8902 8633 8811 8990 8979 9322 9085 9254 9425 9481 9778 9601 9731 9893 9975 10285 10104 10256 
283 633 200 0 600 400 782 586 922 807 777 750 1316 1432 1514 1500 1616 1553 2110 2185 2309 2300 2377 2335 2907 2962 3107 3100 3158 3126 3806 3848 4005 4000 4045 4020 4705 4739 4905 4900 4937 4917 5604 5583 5804 5800 5782 5764 6404 6429 6604 6600 6628 6613 10104 9601 9085 8633 8255 7989 7796 7687 7650 7853 8253 7850 8050 8250 8266 7870 8081 8280 7886 7957 8352 7993 8189 8386 8127 8514 8181 8373 8565 8369 8745 8440 8627 8814 8722 9084 8811 8990 9169 9150 9495 9254 9425 9596 9643 9944 9761 9893 10057 10129 10442 10256 10410 
448 200 400 600 0 200 500 681 700 729 850 961 1361 1300 1553 1616 1500 1514 2138 2100 2335 2377 2300 2309 2928 2900 3126 3158 3100 3107 3821 3800 4020 4045 4000 4005 4717 4700 4917 4937 4900 4905 5615 5550 5814 5831 5750 5754 6413 6400 6613 6628 6600 6604 9658 9130 8586 8106 7702 7416 7208 7090 7050 7253 7653 7250 7450 7650 7667 7271 7483 7682 7289 7366 7760 7404 7600 7796 7549 7934 7607 7797 7989 7809 8182 7885 8070 8255 8186 8542 8281 8456 8633 8641 8979 8751 8917 9085 9161 9452 9285 9411 9571 9671 9975 9805 9954 
283 283 200 400 200 0 539 586 729 700 777 850 1316 1316 1514 1553 1514 1500 2110 2110 2309 2335 2309 2300 2907 2907 3107 3126 3107 3100 3806 3806 4005 4020 4005 4000 4705 4705 4905 4917 4905 4900 5604 5554 5804 5814 5754 5750 6404 6404 6604 6613 6604 6600 9805 9285 8751 8281 7885 7607 7404 7289 7250 7453 7853 7450 7650 7850 7866 7471 7682 7882 7488 7563 7957 7600 7796 7993 7741 8127 7797 7989 8181 7995 8369 8070 8255 8440 8364 8722 8456 8633 8811 8809 9150 8917 9085 9254 9321 9614 9442 9571 9731 9822 10129 9954 10104 
807 700 641 782 500 539 0 404 200 283 472 650 895 800 1078 1167 1000 1020 1650 1600 1844 1898 1800 1812 2434 2400 2631 2669 2600 2608 3325 3300 3523 3552 3500 3506 4220 4200 4419 4441 4400 4405 5116 5050 5316 5334 5250 5254 5914 5900 6114 6130 6100 6104 9323 8821 8311 7871 7515 7277 7121 7055 7068 7284 7682 7268 7467 7667 7650 7251 7453 7653 7255 7295 7692 7319 7517 7716 7425 7816 7471 7665 7859 7637 8018 7703 7891 8080 7966 8332 8051 8232 8413 8379 8728 8481 8653 8826 8865 9167 8981 9115 9279 9348 9661 9475 9629 
750 850 550 586 681 586 404 0 428 250 200 283 750 850 950 971 1031 971 1550 1601 1750 1762 1796 1762 2350 2384 2550 2558 2582 2558 3250 3275 3450 3456 3474 3456 4150 4170 4350 4355 4369 4355 5050 5016 5250 5254 5216 5204 5850 5864 6050 6054 6064 6054 9598 9115 8627 8211 7875 7653 7511 7453 7471 7687 8085 7670 7870 8069 8051 7650 7852 8052 7653 7687 8085 7709 7908 8106 7806 8198 7848 8043 8239 8003 8387 8064 8254 8445 8312 8682 8392 8575 8759 8704 9057 8801 8975 9151 9167 9477 9279 9417 9584 9631 9952 9754 9911 
985 900 807 922 700 729 200 428 0 200 404 603 722 600 895 1000 800 825 1457 1400 1650 1709 1600 1613 2237 2200 2434 2474 2400 2409 3126 3100 3325 3355 3300 3307 4020 4000 4220 4243 4200 4205 4917 4850 5116 5136 5050 5054 5715 5700 5914 5931 5900 5904 9194 8702 8207 7785 7448 7230 7096 7051 7085 7306 7703 7284 7483 7682 7653 7252 7450 7650 7251 7275 7674 7295 7493 7692 7384 7778 7425 7620 7816 7577 7961 7637 7828 8018 7885 8255 7966 8149 8332 8281 8633 8379 8553 8728 8751 9058 8865 9001 9167 9223 9541 9348 9504 
922 922 729 807 729 700 283 250 200 0 207 404 633 633 825 895 825 800 1415 1415 1613 1650 1613 1600 2210 2210 2409 2434 2409 2400 3107 3107 3307 3325 3307 3300 4005 4005 4205 4220 4205 4200 4905 4855 5104 5116 5054 5050 5704 5704 5904 5914 5904 5900 9348 8865 8379 7966 7637 7425 7295 7251 7284 7505 7902 7483 7682 7882 7853 7452 7650 7850 7451 7475 7873 7493 7692 7891 7581 7974 7620 7816 8012 7769 8153 7828 8018 8209 8070 8440 8149 8332 8516 8456 8811 8553 8728 8903 8917 9228 9029 9167 9335 9381 9702 9504 9661 
950 1031 750 777 850 777 472 200 404 207 0 200 550 681 750 777 850 777 1350 1409 1550 1563 1601 1563 2150 2187 2350 2359 2384 2359 3050 3077 3250 3257 3275 3257 3950 3971 4150 4155 4170 4155 4850 4817 5050 5054 5016 5004 5650 5665 5850 5854 5864 5854 9473 9001 8528 8129 7812 7610 7488 7450 7488 7709 8106 7687 7886 8085 8054 7653 7851 8051 7650 7670 8069 7687 7886 8085 7769 8163 7806 8002 8198 7947 8333 8003 8195 8387 8236 8609 8312 8497 8682 8610 8967 8704 8880 9057 9058 9373 9167 9308 9477 9511 9835 9631 9791 
971 1124 777 750 961 850 650 283 603 404 200 0 586 814 777 750 961 850 1365 1478 1563 1550 1663 1601 2160 2233 2359 2350 2426 2384 3057 3109 3257 3250 3305 3275 3956 3996 4155 4150 4194 4170 4855 4838 5054 5050 5036 5016 5654 5682 5854 5850 5881 5864 9631 9167 8704 8312 8003 7806 7687 7650 7687 7908 8305 7886 8085 8285 8254 7853 8051 8251 7850 7870 8269 7886 8085 8285 7966 8360 8002 8198 8395 8140 8526 8195 8387 8579 8422 8796 8497 8682 8868 8788 9147 8880 9057 9235 9228 9545 9335 9477 9647 9672 10000 9791 9952 
1500 1553 1300 1316 1361 1316 895 750 722 633 550 586 0 400 200 283 448 283 800 895 1000 1020 1078 1020 1600 1650 1800 1812 1844 1812 2500 2532 2700 2708 2730 2708 3400 3424 3600 3606 3623 3606 4300 4269 4500 4505 4468 4455 5100 5116 5300 5304 5316 5304 9143 8704 8275 7925 7665 7517 7453 7471 7563 7796 8189 7760 7957 8155 8090 7687 7873 8073 7670 7650 8050 7653 7853 8053 7692 8090 7716 7914 8112 7816 8208 7859 8054 8249 8049 8430 8113 8302 8491 8372 8739 8455 8637 8819 8776 9104 8876 9024 9199 9195 9530 9307 9472 
1553 1500 1361 1432 1300 1316 800 850 600 633 681 814 400 0 448 633 200 283 895 800 1078 1167 1000 1020 1650 1600 1844 1898 1800 1812 2532 2500 2730 2766 2700 2708 3424 3400 3623 3650 3600 3606 4319 4250 4518 4540 4450 4455 5116 5100 5316 5334 5300 5304 8821 8364 7916 7550 7277 7121 7053 7072 7169 7404 7796 7366 7563 7760 7692 7289 7475 7674 7271 7250 7650 7253 7453 7653 7295 7692 7319 7517 7716 7425 7816 7471 7665 7859 7669 8049 7737 7925 8113 8008 8372 8095 8275 8455 8430 8752 8534 8678 8851 8865 9195 8981 9143 
1700 1747 1500 1514 1553 1514 1078 950 895 825 750 777 200 448 0 200 400 200 600 722 800 825 895 825 1400 1457 1600 1613 1650 1613 2300 2335 2500 2508 2532 2508 3200 3225 3400 3406 3424 3406 4100 4070 4300 4305 4269 4255 4900 4917 5100 5104 5116 5104 9029 8602 8190 7859 7620 7493 7450 7488 7600 7837 8228 7796 7993 8189 8112 7709 7891 8090 7687 7653 8053 7650 7850 8050 7674 8073 7692 7891 8090 7778 8171 7816 8012 8208 7989 8373 8049 8239 8430 8293 8663 8372 8555 8739 8680 9012 8776 8927 9104 9085 9425 9195 9362 
1712 1803 1514 1500 1616 1553 1167 971 1000 895 777 750 283 633 200 0 600 400 633 849 825 800 1000 895 1415 1524 1613 1600 1709 1650 2309 2377 2508 2500 2571 2532 3207 3256 3406 3400 3453 3424 4105 4095 4305 4300 4293 4269 4905 4937 5104 5100 5136 5116 9195 8776 8372 8049 7816 7692 7650 7687 7796 8032 8424 7993 8189 8386 8311 7908 8090 8289 7886 7853 8253 7850 8050 8250 7873 8272 7891 8090 8289 7974 8368 8012 8208 8404 8181 8565 8239 8430 8621 8478 8849 8555 8739 8924 8857 9191 8951 9104 9281 9254 9596 9362 9530 
1747 1700 1553 1616 1500 1514 1000 1031 800 825 850 961 448 200 400 600 0 200 722 600 895 1000 800 825 1457 1400 1650 1709 1600 1613 2335 2300 2532 2571 2500 2508 3225 3200 3424 3453 3400 3406 4120 4050 4319 4342 4250 4255 4917 4900 5116 5136 5100 5104 8702 8258 7828 7481 7230 7096 7050 7090 7208 7447 7837 7404 7600 7796 7716 7312 7493 7692 7289 7253 7653 7250 7450 7650 7275 7674 7295 7493 7692 7384 7778 7425 7620 7816 7607 7989 7669 7859 8049 7925 8293 8008 8190 8372 8330 8656 8430 8578 8752 8751 9085 8865 9029 
1712 1712 1514 1553 1514 1500 1020 971 825 800 777 850 283 283 200 400 200 0 633 633 825 895 825 800 1415 1415 1613 1650 1613 1600 2309 2309 2508 2532 2508 2500 3207 3207 3406 3424 3406 3400 4105 4055 4305 4319 4255 4250 4905 4905 5104 5116 5104 5100 8865 8430 8008 7669 7425 7295 7250 7289 7404 7642 8032 7600 7796 7993 7914 7511 7692 7891 7488 7453 7853 7450 7650 7850 7475 7873 7493 7692 7891 7581 7974 7620 7816 8012 7797 8181 7859 8049 8239 8109 8478 8190 8372 8555 8504 8834 8602 8752 8927 8917 9254 9029 9195 
2300 2335 2100 2110 2138 2110 1650 1550 1457 1415 1350 1365 800 895 600 633 722 633 0 400 200 283 448 283 800 895 1000 1020 1078 1020 1700 1747 1900 1911 1942 1911 2600 2631 2800 2808 2829 2808 3500 3474 3700 3706 3672 3656 4300 4319 4500 4505 4518 4505 8704 8319 7959 7689 7517 7453 7475 7572 7741 7989 8373 7934 8127 8320 8208 7806 7974 8171 7769 7692 8090 7674 7873 8073 7650 8050 7653 7853 8053 7692 8090 7716 7914 8112 7837 8228 7883 8077 8272 8080 8460 8147 8335 8524 8413 8759 8498 8658 8839 8776 9127 8876 9049 
2335 2300 2138 2185 2100 2110 1600 1601 1400 1415 1409 1478 895 800 722 849 600 633 400 0 448 633 200 283 895 800 1078 1167 1000 1020 1747 1700 1942 1993 1900 1911 2631 2600 2829 2864 2800 2808 3523 3450 3722 3749 3650 3656 4319 4300 4518 4540 4500 4505 8364 7962 7586 7302 7121 7053 7076 7179 7357 7607 7989 7549 7741 7934 7816 7414 7581 7778 7375 7295 7692 7275 7475 7674 7250 7650 7253 7453 7653 7295 7692 7319 7517 7716 7447 7837 7495 7689 7883 7703 8080 7772 7959 8147 8051 8392 8140 8297 8477 8430 8776 8534 8704 
2500 2532 2300 2309 2335 2309 1844 1750 1650 1613 1550 1563 1000 1078 800 825 895 825 200 448 0 200 400 200 600 722 800 825 895 825 1500 1553 1700 1712 1747 1712 2400 2434 2600 2608 2631 2608 3300 3275 3500 3506 3474 3456 4100 4120 4300 4305 4319 4305 8602 8232 7891 7642 7493 7450 7493 7610 7797 8049 8430 7989 8181 8373 8249 7848 8012 8208 7806 7716 8112 7692 7891 8090 7653 8053 7650 7850 8050 7674 8073 7692 7891 8090 7796 8189 7837 8032 8228 8018 8401 8080 8270 8460 8332 8682 8413 8575 8759 8680 9034 8776 8951 
2508 2571 2309 2300 2377 2335 1898 1762 1709 1650 1563 1550 1020 1167 825 800 1000 895 283 633 200 0 600 400 633 849 825 800 1000 895 1514 1616 1712 1700 1803 1747 2409 2474 2608 2600 2669 2631 3307 3305 3506 3500 3502 3474 4105 4144 4305 4300 4342 4319 8776 8413 8080 7837 7692 7650 7692 7806 7989 8239 8621 8181 8373 8565 8445 8043 8208 8404 8002 7914 8311 7891 8090 8289 7853 8253 7850 8050 8250 7873 8272 7891 8090 8289 7993 8386 8032 8228 8424 8209 8593 8270 8460 8650 8516 8868 8595 8759 8943 8857 9213 8951 9127 
2532 2500 2335 2377 2300 2309 1800 1796 1600 1613 1601 1663 1078 1000 895 1000 800 825 448 200 400 600 0 200 722 600 895 1000 800 825 1553 1500 1747 1803 1700 1712 2434 2400 2631 2669 2600 2608 3325 3250 3523 3552 3450 3456 4120 4100 4319 4342 4300 4305 8258 7871 7515 7253 7096 7050 7096 7219 7416 7669 8049 7607 7797 7989 7859 7459 7620 7816 7414 7319 7716 7295 7493 7692 7253 7653 7250 7450 7650 7275 7674 7295 7493 7692 7404 7796 7447 7642 7837 7637 8018 7703 7891 8080 7966 8312 8051 8211 8392 8330 8680 8430 8602 
2508 2508 2309 2335 2309 2300 1812 1762 1613 1600 1563 1601 1020 1020 825 895 825 800 283 283 200 400 200 0 633 633 825 895 825 800 1514 1514 1712 1747 1712 1700 2409 2409 2608 2631 2608 2600 3307 3257 3506 3523 3456 3450 4105 4105 4305 4319 4305 4300 8430 8051 7703 7447 7295 7250 7295 7414 7607 7859 8239 7797 7989 8181 8054 7653 7816 8012 7610 7517 7914 7493 7692 7891 7453 7853 7450 7650 7850 7475 7873 7493 7692 7891 7600 7993 7642 7837 8032 7828 8209 7891 8080 8270 8149 8497 8232 8392 8575 8504 8857 8602 8776 
3100 3126 2900 2907 2928 2907 2434 2350 2237 2210 2150 2160 1600 1650 1400 1415 1457 1415 800 895 600 633 722 633 0 400 200 283 448 283 900 985 1100 1119 1171 1119 1800 1844 2000 2010 2040 2010 2700 2681 2900 2907 2878 2858 3500 3523 3700 3706 3722 3706 8319 7995 7714 7531 7453 7475 7581 7755 7995 8255 8627 8182 8369 8557 8401 8003 8153 8346 7947 7816 8208 7778 7974 8171 7692 8090 7674 7873 8073 7650 8050 7653 7853 8053 7703 8101 7729 7927 8125 7859 8249 7908 8101 8295 8113 8475 8182 8352 8540 8413 8778 8498 8679 
3126 3100 2928 2962 2900 2907 2400 2384 2200 2210 2187 2233 1650 1600 1457 1524 1400 1415 895 800 722 849 600 633 400 0 448 633 200 283 985 900 1171 1253 1100 1119 1844 1800 2040 2089 2000 2010 2730 2650 2928 2962 2850 2858 3523 3500 3722 3749 3700 3706 7962 7624 7329 7136 7053 7076 7188 7371 7624 7885 8255 7809 7995 8182 8018 7622 7769 7961 7563 7425 7816 7384 7581 7778 7295 7692 7275 7475 7674 7250 7650 7253 7453 7653 7306 7703 7333 7531 7729 7471 7859 7521 7714 7908 7737 8096 7809 7977 8164 8051 8413 8140 8319 
3300 3325 3100 3107 3126 3107 2631 2550 2434 2409 2350 2359 1800 1844 1600 1613 1650 1613 1000 1078 800 825 895 825 200 448 0 200 400 200 700 807 900 922 985 922 1600 1650 1800 1812 1844 1812 2500 2483 2700 2708 2681 2658 3300 3325 3500 3506 3523 3506 8232 7925 7665 7505 7450 7493 7620 7812 8070 8332 8701 8255 8440 8627 8460 8064 8209 8401 8003 7859 8249 7816 8012 8208 7716 8112 7692 7891 8090 7653 8053 7650 7850 8050 7682 8081 7703 7902 8101 7816 8208 7859 8054 8249 8049 8415 8113 8286 8475 8332 8701 8413 8595 
3307 3355 3107 3100 3158 3126 2669 2558 2474 2434 2359 2350 1812 1898 1613 1600 1709 1650 1020 1167 825 800 1000 895 283 633 200 0 600 400 729 922 922 900 1082 985 1613 1709 1812 1800 1898 1844 2508 2523 2708 2700 2718 2681 3307 3355 3506 3500 3552 3523 8413 8113 7859 7703 7650 7692 7816 8003 8255 8516 8886 8440 8627 8814 8650 8254 8401 8593 8195 8054 8445 8012 8208 8404 7914 8311 7891 8090 8289 7853 8253 7850 8050 8250 7882 8280 7902 8101 8299 8012 8404 8054 8249 8445 8239 8607 8302 8475 8666 8516 8886 8595 8778 
3325 3300 3126 3158 3100 3107 2600 2582 2400 2409 2384 2426 1844 1800 1650 1709 1600 1613 1078 1000 895 1000 800 825 448 200 400 600 0 200 807 700 985 1082 900 922 1650 1600 1844 1898 1800 1812 2532 2450 2730 2766 2650 2658 3325 3300 3523 3552 3500 3506 7871 7550 7277 7108 7050 7096 7230 7432 7702 7966 8332 7885 8070 8255 8080 7686 7828 8018 7622 7471 7859 7425 7620 7816 7319 7716 7295 7493 7692 7253 7653 7250 7450 7650 7284 7682 7306 7505 7703 7425 7816 7471 7665 7859 7669 8033 7737 7908 8096 7966 8332 8051 8232 
3307 3307 3107 3126 3107 3100 2608 2558 2409 2400 2359 2384 1812 1812 1613 1650 1613 1600 1020 1020 825 895 825 800 283 283 200 400 200 0 729 729 922 985 922 900 1613 1613 1812 1844 1812 1800 2508 2459 2708 2730 2658 2650 3307 3307 3506 3523 3506 3500 8051 7737 7471 7306 7250 7295 7425 7622 7885 8149 8516 8070 8255 8440 8270 7875 8018 8209 7812 7665 8054 7620 7816 8012 7517 7914 7493 7692 7891 7453 7853 7450 7650 7850 7483 7882 7505 7703 7902 7620 8012 7665 7859 8054 7859 8224 7925 8096 8286 8149 8516 8232 8413 
4000 4020 3800 3806 3821 3806 3325 3250 3126 3107 3050 3057 2500 2532 2300 2309 2335 2309 1700 1747 1500 1514 1553 1514 900 985 700 729 807 729 0 400 200 283 448 283 900 985 1100 1119 1171 1119 1800 1796 2000 2010 1991 1961 2600 2631 2800 2808 2829 2808 7959 7714 7531 7453 7483 7600 7797 8051 8364 8633 8990 8542 8722 8902 8701 8312 8440 8627 8236 8049 8430 7989 8181 8373 7837 8228 7796 7993 8189 7703 8101 7682 7882 8081 7650 8050 7653 7853 8053 7703 8101 7729 7927 8125 7859 8239 7908 8089 8283 8080 8460 8147 8335 
4020 4000 3821 3848 3800 3806 3300 3275 3100 3107 3077 3109 2532 2500 2335 2377 2300 2309 1747 1700 1553 1616 1500 1514 985 900 807 922 700 729 400 0 448 633 200 283 985 900 1171 1253 1100 1119 1844 1750 2040 2089 1950 1961 2631 2600 2829 2864 2800 2808 7586 7329 7136 7053 7085 7208 7416 7682 8009 8281 8633 8186 8364 8542 8332 7946 8070 8255 7866 7669 8049 7607 7797 7989 7447 7837 7404 7600 7796 7306 7703 7284 7483 7682 7250 7650 7253 7453 7653 7306 7703 7333 7531 7729 7471 7848 7521 7701 7895 7703 8080 7772 7959 
4200 4220 4000 4005 4020 4005 3523 3450 3325 3307 3250 3257 2700 2730 2500 2508 2532 2508 1900 1942 1700 1712 1747 1712 1100 1171 900 922 985 922 200 448 0 200 400 200 700 807 900 922 985 922 1600 1601 1800 1812 1796 1762 2400 2434 2600 2608 2631 2608 7891 7665 7505 7450 7505 7642 7859 8129 8456 8728 9080 8633 8811 8990 8778 8392 8516 8701 8312 8113 8491 8049 8239 8430 7883 8272 7837 8032 8228 7729 8125 7703 7902 8101 7653 8053 7650 7850 8050 7682 8081 7703 7902 8101 7816 8198 7859 8043 8239 8018 8401 8080 8270 
4205 4243 4005 4000 4045 4020 3552 3456 3355 3325 3257 3250 2708 2766 2508 2500 2571 2532 1911 1993 1712 1700 1803 1747 1119 1253 922 900 1082 985 283 633 200 0 600 400 729 922 922 900 1082 985 1613 1663 1812 1800 1850 1796 2409 2474 2608 2600 2669 2631 8080 7859 7703 7650 7703 7837 8049 8312 8633 8903 9258 8811 8990 9169 8962 8575 8701 8886 8497 8302 8681 8239 8430 8621 8077 8466 8032 8228 8424 7927 8324 7902 8101 8299 7853 8253 7850 8050 8250 7882 8280 7902 8101 8299 8012 8395 8054 8239 8434 8209 8593 8270 8460 
4220 4200 4020 4045 4000 4005 3500 3474 3300 3307 3275 3305 2730 2700 2532 2571 2500 2508 1942 1900 1747 1803 1700 1712 1171 1100 985 1082 900 922 448 200 400 600 0 200 807 700 985 1082 900 922 1650 1550 1844 1898 1750 1762 2434 2400 2631 2669 2600 2608 7515 7277 7108 7050 7108 7253 7481 7764 8106 8379 8728 8281 8456 8633 8413 8030 8149 8332 7946 7737 8113 7669 7859 8049 7495 7883 7447 7642 7837 7333 7729 7306 7505 7703 7253 7653 7250 7450 7650 7284 7682 7306 7505 7703 7425 7806 7471 7653 7848 7637 8018 7703 7891 
4205 4205 4005 4020 4005 4000 3506 3456 3307 3300 3257 3275 2708 2708 2508 2532 2508 2500 1911 1911 1712 1747 1712 1700 1119 1119 922 985 922 900 283 283 200 400 200 0 729 729 922 985 922 900 1613 1563 1812 1844 1762 1750 2409 2409 2608 2631 2608 2600 7703 7471 7306 7250 7306 7447 7669 7946 8281 8553 8903 8456 8633 8811 8595 8211 8332 8516 8129 7925 8302 7859 8049 8239 7689 8077 7642 7837 8032 7531 7927 7505 7703 7902 7453 7853 7450 7650 7850 7483 7882 7505 7703 7902 7620 8002 7665 7848 8043 7828 8209 7891 8080 
4900 4917 4700 4705 4717 4705 4220 4150 4020 4005 3950 3956 3400 3424 3200 3207 3225 3207 2600 2631 2400 2409 2434 2409 1800 1844 1600 1613 1650 1613 900 985 700 729 807 729 0 400 200 283 448 283 900 940 1100 1119 1124 1069 1700 1747 1900 1911 1942 1911 7689 7531 7453 7483 7620 7828 8109 8433 8809 9085 9425 8979 9150 9322 9080 8704 8811 8990 8610 8372 8739 8293 8478 8663 8080 8460 8018 8209 8401 7859 8249 7816 8012 8208 7703 8101 7682 7882 8081 7650 8050 7653 7853 8053 7703 8095 7729 7920 8119 7837 8228 7883 8077 
4917 4900 4717 4739 4700 4705 4200 4170 4000 4005 3971 3996 3424 3400 3225 3256 3200 3207 2631 2600 2434 2474 2400 2409 1844 1800 1650 1709 1600 1613 985 900 807 922 700 729 400 0 448 633 200 283 985 850 1171 1253 1050 1069 1747 1700 1942 1993 1900 1911 7302 7136 7053 7085 7230 7448 7743 8082 8474 8751 9085 8641 8809 8979 8728 8354 8456 8633 8257 8008 8372 7925 8109 8293 7703 8080 7637 7828 8018 7471 7859 7425 7620 7816 7306 7703 7284 7483 7682 7250 7650 7253 7453 7653 7306 7698 7333 7524 7722 7447 7837 7495 7689 
5100 5116 4900 4905 4917 4905 4419 4350 4220 4205 4150 4155 3600 3623 3400 3406 3424 3406 2800 2829 2600 2608 2631 2608 2000 2040 1800 1812 1844 1812 1100 1171 900 922 985 922 200 448 0 200 400 200 700 764 900 922 940 874 1500 1553 1700 1712 1747 1712 7642 7505 7450 7505 7665 7891 8190 8528 8917 9195 9530 9085 9254 9425 9175 8801 8903 9080 8704 8455 8819 8372 8555 8739 8147 8524 8080 8270 8460 7908 8295 7859 8054 8249 7729 8125 7703 7902 8101 7653 8053 7650 7850 8050 7682 8077 7703 7896 8095 7796 8189 7837 8032 
5104 5136 4905 4900 4937 4917 4441 4355 4243 4220 4155 4150 3606 3650 3406 3400 3453 3424 2808 2864 2608 2600 2669 2631 2010 2089 1812 1800 1898 1844 1119 1253 922 900 1082 985 283 633 200 0 600 400 729 885 922 900 1041 940 1514 1616 1712 1700 1803 1747 7837 7703 7650 7703 7859 8080 8372 8704 9085 9362 9700 9254 9425 9596 9350 8975 9080 9258 8880 8637 9002 8555 8739 8924 8335 8713 8270 8460 8650 8101 8489 8054 8249 8445 7927 8324 7902 8101 8299 7853 8253 7850 8050 8250 7882 8276 7902 8095 8294 7993 8386 8032 8228 
5116 5100 4917 4937 4900 4905 4400 4369 4200 4205 4170 4194 3623 3600 3424 3453 3400 3406 2829 2800 2631 2669 2600 2608 2040 2000 1844 1898 1800 1812 1171 1100 985 1082 900 922 448 200 400 600 0 200 807 650 985 1082 850 874 1553 1500 1747 1803 1700 1712 7253 7108 7050 7108 7277 7515 7828 8181 8586 8865 9195 8751 8917 9085 8826 8455 8553 8728 8354 8095 8455 8008 8190 8372 7772 8147 7703 7891 8080 7521 7908 7471 7665 7859 7333 7729 7306 7505 7703 7253 7653 7250 7450 7650 7284 7678 7306 7499 7698 7404 7796 7447 7642 
5104 5104 4905 4917 4905 4900 4405 4355 4205 4200 4155 4170 3606 3606 3406 3424 3406 3400 2808 2808 2608 2631 2608 2600 2010 2010 1812 1844 1812 1800 1119 1119 922 985 922 900 283 283 200 400 200 0 729 681 922 985 874 850 1514 1514 1712 1747 1712 1700 7447 7306 7250 7306 7471 7703 8008 8354 8751 9029 9362 8917 9085 9254 9000 8627 8728 8903 8528 8275 8637 8190 8372 8555 7959 8335 7891 8080 8270 7714 8101 7665 7859 8054 7531 7927 7505 7703 7902 7453 7853 7450 7650 7850 7483 7877 7505 7698 7896 7600 7993 7642 7837 
5800 5814 5600 5604 5615 5604 5116 5050 4917 4905 4850 4855 4300 4319 4100 4105 4120 4105 3500 3523 3300 3307 3325 3307 2700 2730 2500 2508 2532 2508 1800 1844 1600 1613 1650 1613 900 985 700 729 807 729 0 404 200 283 428 250 800 895 1000 1020 1078 1020 7517 7453 7483 7620 7859 8149 8504 8890 9321 9601 9922 9481 9643 9807 9530 9167 9254 9425 9058 8776 9127 8680 8857 9034 8413 8778 8332 8516 8701 8113 8491 8049 8239 8430 7859 8249 7816 8012 8208 7703 8101 7682 7882 8081 7650 8051 7653 7852 8052 7692 8090 7716 7914 
5764 5750 5565 5583 5550 5554 5050 5016 4850 4855 4817 4838 4269 4250 4070 4095 4050 4055 3474 3450 3275 3305 3250 3257 2681 2650 2483 2523 2450 2459 1796 1750 1601 1663 1550 1563 940 850 764 885 650 681 404 0 472 650 200 283 940 850 1124 1210 1050 1069 7128 7055 7080 7219 7464 7764 8131 8529 8973 9254 9571 9131 9291 9452 9167 8807 8890 9058 8695 8404 8752 8305 8480 8656 8030 8392 7946 8129 8312 7720 8096 7653 7843 8033 7459 7848 7414 7610 7806 7300 7698 7280 7479 7678 7251 7650 7255 7453 7653 7300 7698 7326 7524 
6000 6014 5800 5804 5814 5804 5316 5250 5116 5104 5050 5054 4500 4518 4300 4305 4319 4305 3700 3722 3500 3506 3523 3506 2900 2928 2700 2708 2730 2708 2000 2040 1800 1812 1844 1812 1100 1171 900 922 985 922 200 472 0 200 404 207 600 722 800 825 895 825 7493 7450 7505 7665 7925 8232 8602 9001 9442 9723 10041 9601 9761 9922 9639 9279 9362 9530 9167 8876 9223 8776 8951 9127 8498 8860 8413 8595 8778 8182 8557 8113 8302 8491 7908 8295 7859 8054 8249 7729 8125 7703 7902 8101 7653 8054 7650 7851 8051 7674 8073 7692 7891 
6004 6030 5804 5800 5831 5814 5334 5254 5136 5116 5054 5050 4505 4540 4305 4300 4342 4319 3706 3749 3506 3500 3552 3523 2907 2962 2708 2700 2766 2730 2010 2089 1812 1800 1898 1844 1119 1253 922 900 1082 985 283 650 200 0 603 404 633 849 825 800 1000 895 7692 7650 7703 7859 8113 8413 8776 9167 9601 9881 10202 9761 9922 10085 9806 9444 9530 9700 9335 9049 9398 8951 9127 9304 8679 9042 8595 8778 8962 8369 8745 8302 8491 8681 8101 8489 8054 8249 8445 7927 8324 7902 8101 8299 7853 8254 7850 8051 8251 7873 8272 7891 8090 
5964 5950 5764 5782 5750 5754 5250 5216 5050 5054 5016 5036 4468 4450 4269 4293 4250 4255 3672 3650 3474 3502 3450 3456 2878 2850 2681 2718 2650 2658 1991 1950 1796 1850 1750 1762 1124 1050 940 1041 850 874 428 200 404 603 0 200 764 650 940 1041 850 874 7102 7051 7102 7264 7532 7849 8232 8644 9098 9379 9692 9254 9411 9571 9279 8923 9001 9167 8807 8507 8851 8404 8578 8752 8117 8477 8030 8211 8392 7791 8164 7720 7908 8096 7508 7895 7459 7653 7848 7326 7722 7300 7499 7698 7252 7653 7251 7450 7650 7280 7678 7300 7499 
5954 5954 5754 5764 5754 5750 5254 5204 5054 5050 5004 5016 4455 4455 4255 4269 4255 4250 3656 3656 3456 3474 3456 3450 2858 2858 2658 2681 2658 2650 1961 1961 1762 1796 1762 1750 1069 1069 874 940 874 850 250 283 207 404 200 0 681 681 874 940 874 850 7300 7251 7300 7459 7720 8030 8404 8807 9254 9535 9851 9411 9571 9731 9444 9086 9167 9335 8973 8678 9024 8578 8752 8927 8297 8658 8211 8392 8575 7977 8352 7908 8096 8286 7701 8089 7653 7848 8043 7524 7920 7499 7698 7896 7452 7853 7451 7650 7850 7479 7877 7499 7698 
6600 6613 6400 6404 6413 6404 5914 5850 5715 5704 5650 5654 5100 5116 4900 4905 4917 4905 4300 4319 4100 4105 4120 4105 3500 3523 3300 3307 3325 3307 2600 2631 2400 2409 2434 2409 1700 1747 1500 1514 1553 1514 800 940 600 633 764 681 0 400 200 283 448 283 7453 7475 7600 7828 8149 8504 8917 9351 9822 10104 10410 9975 10129 10285 9981 9631 9702 9864 9511 9195 9530 9085 9254 9425 8776 9127 8680 8857 9034 8413 8778 8332 8516 8701 8080 8460 8018 8209 8401 7837 8228 7796 7993 8189 7692 8095 7674 7877 8077 7650 8050 7653 7853 
6613 6600 6413 6429 6400 6404 5900 5864 5700 5704 5665 5682 5116 5100 4917 4937 4900 4905 4319 4300 4120 4144 4100 4105 3523 3500 3325 3355 3300 3307 2631 2600 2434 2474 2400 2409 1747 1700 1553 1616 1500 1514 895 850 722 849 650 681 400 0 448 633 200 283 7053 7076 7208 7448 7785 8156 8586 9035 9522 9805 10104 9671 9822 9975 9661 9316 9381 9541 9192 8865 9195 8751 8917 9085 8430 8776 8330 8504 8680 8051 8413 7966 8149 8332 7703 8080 7637 7828 8018 7447 7837 7404 7600 7796 7295 7698 7275 7479 7678 7250 7650 7253 7453 
6800 6812 6600 6604 6613 6604 6114 6050 5914 5904 5850 5854 5300 5316 5100 5104 5116 5104 4500 4518 4300 4305 4319 4305 3700 3722 3500 3506 3523 3506 2800 2829 2600 2608 2631 2608 1900 1942 1700 1712 1747 1712 1000 1124 800 825 940 874 200 448 0 200 400 200 7450 7493 7642 7891 8232 8602 9029 9473 9954 10236 10538 10104 10256 10410 10101 9754 9821 9981 9631 9307 9639 9195 9362 9530 8876 9223 8776 8951 9127 8498 8860 8413 8595 8778 8147 8524 8080 8270 8460 7883 8272 7837 8032 8228 7716 8119 7692 7896 8095 7653 8053 7650 7850 
6803 6827 6604 6600 6628 6613 6130 6054 5931 5914 5854 5850 5304 5334 5104 5100 5136 5116 4505 4540 4305 4300 4342 4319 3706 3749 3506 3500 3552 3523 2808 2864 2608 2600 2669 2631 1911 1993 1712 1700 1803 1747 1020 1210 825 800 1041 940 283 633 200 0 600 400 7650 7692 7837 8080 8413 8776 9195 9631 10104 10386 10692 10256 10410 10566 10261 9911 9981 10143 9791 9472 9806 9362 9530 9700 9049 9398 8951 9127 9304 8679 9042 8595 8778 8962 8335 8713 8270 8460 8650 8077 8466 8032 8228 8424 7914 8317 7891 8095 8294 7853 8253 7850 8050 
6812 6800 6613 6628 6600 6604 6100 6064 5900 5904 5864 5881 5316 5300 5116 5136 5100 5104 4518 4500 4319 4342 4300 4305 3722 3700 3523 3552 3500 3506 2829 2800 2631 2669 2600 2608 1942 1900 1747 1803 1700 1712 1078 1050 895 1000 850 874 448 200 400 600 0 200 7050 7096 7253 7515 7871 8258 8702 9162 9658 9940 10236 9805 9954 10104 9785 9443 9504 9661 9316 8981 9307 8865 9029 9195 8534 8876 8430 8602 8776 8140 8498 8051 8232 8413 7772 8147 7703 7891 8080 7495 7883 7447 7642 7837 7319 7722 7295 7499 7698 7253 7653 7250 7450 
6803 6803 6604 6613 6604 6600 6104 6054 5904 5900 5854 5864 5304 5304 5104 5116 5104 5100 4505 4505 4305 4319 4305 4300 3706 3706 3506 3523 3506 3500 2808 2808 2608 2631 2608 2600 1911 1911 1712 1747 1712 1700 1020 1069 825 895 874 850 283 283 200 400 200 0 7250 7295 7447 7703 8051 8430 8865 9316 9805 10087 10386 9954 10104 10256 9942 9598 9661 9821 9473 9143 9472 9029 9195 9362 8704 9049 8602 8776 8951 8319 8679 8232 8413 8595 7959 8335 7891 8080 8270 7689 8077 7642 7837 8032 7517 7920 7493 7698 7896 7453 7853 7450 7650 
10087 9796 9954 10104 9658 9805 9323 9598 9194 9348 9473 9631 9143 8821 9029 9195 8702 8865 8704 8364 8602 8776 8258 8430 8319 7962 8232 8413 7871 8051 7959 7586 7891 8080 7515 7703 7689 7302 7642 7837 7253 7447 7517 7128 7493 7692 7102 7300 7453 7053 7450 7650 7050 7250 0 800 1700 2600 3500 4300 5100 5850 6600 6803 6827 6604 6613 6628 6130 6054 5914 5931 5854 5304 5334 5104 5116 5136 4505 4540 4305 4319 4342 3706 3749 3506 3523 3552 2808 2864 2608 2631 2669 1911 1993 1712 1747 1803 1020 1210 825 940 1041 283 633 200 400 
9566 9258 9442 9601 9130 9285 8821 9115 8702 8865 9001 9167 8704 8364 8602 8776 8258 8430 8319 7962 8232 8413 7871 8051 7995 7624 7925 8113 7550 7737 7714 7329 7665 7859 7277 7471 7531 7136 7505 7703 7108 7306 7453 7055 7450 7650 7051 7251 7475 7076 7493 7692 7096 7295 800 0 900 1800 2700 3500 4300 5050 5800 6004 6030 5804 5814 5831 5334 5254 5116 5136 5054 4505 4540 4305 4319 4342 3706 3749 3506 3523 3552 2907 2962 2708 2730 2766 2010 2089 1812 1844 1898 1119 1253 922 985 1082 283 650 200 404 603 633 849 825 895 
9029 8702 8917 9085 8586 8751 8311 8627 8207 8379 8528 8704 8275 7916 8190 8372 7828 8008 7959 7586 7891 8080 7515 7703 7714 7329 7665 7859 7277 7471 7531 7136 7505 7703 7108 7306 7453 7053 7450 7650 7050 7250 7483 7080 7505 7703 7102 7300 7600 7208 7642 7837 7253 7447 1700 900 0 900 1800 2600 3400 4150 4900 5104 5136 4905 4917 4937 4441 4355 4220 4243 4155 3606 3650 3406 3424 3453 2808 2864 2608 2631 2669 2010 2089 1812 1844 1898 1119 1253 922 985 1082 283 633 200 400 600 729 885 922 940 1041 1514 1616 1712 1747 
8553 8207 8456 8633 8106 8281 7871 8211 7785 7966 8129 8312 7925 7550 7859 8049 7481 7669 7689 7302 7642 7837 7253 7447 7531 7136 7505 7703 7108 7306 7453 7053 7450 7650 7050 7250 7483 7085 7505 7703 7108 7306 7620 7219 7665 7859 7264 7459 7828 7448 7891 8080 7515 7703 2600 1800 900 0 900 1700 2500 3250 4000 4205 4243 4005 4020 4045 3552 3456 3325 3355 3257 2708 2766 2508 2532 2571 1911 1993 1712 1747 1803 1119 1253 922 985 1082 283 633 200 400 600 729 922 922 985 1082 1613 1663 1812 1796 1850 2409 2474 2608 2631 
8149 7785 8070 8255 7702 7885 7515 7875 7448 7637 7812 8003 7665 7277 7620 7816 7230 7425 7517 7121 7493 7692 7096 7295 7453 7053 7450 7650 7050 7250 7483 7085 7505 7703 7108 7306 7620 7230 7665 7859 7277 7471 7859 7464 7925 8113 7532 7720 8149 7785 8232 8413 7871 8051 3500 2700 1800 900 0 800 1600 2350 3100 3307 3355 3107 3126 3158 2669 2558 2434 2474 2359 1812 1898 1613 1650 1709 1020 1167 825 895 1000 283 633 200 400 600 729 922 922 985 1082 1613 1709 1812 1844 1898 2508 2523 2708 2681 2718 3307 3355 3506 3523 
7859 7481 7797 7989 7416 7607 7277 7653 7230 7425 7610 7806 7517 7121 7493 7692 7096 7295 7453 7053 7450 7650 7050 7250 7475 7076 7493 7692 7096 7295 7600 7208 7642 7837 7253 7447 7828 7448 7891 8080 7515 7703 8149 7764 8232 8413 7849 8030 8504 8156 8602 8776 8258 8430 4300 3500 2600 1700 800 0 800 1550 2300 2508 2571 2309 2335 2377 1898 1762 1650 1709 1563 1020 1167 825 895 1000 283 633 200 400 600 633 849 825 895 1000 1514 1616 1712 1747 1803 2409 2474 2608 2631 2669 3307 3305 3506 3474 3502 4105 4144 4305 4319 
7642 7253 7600 7796 7208 7404 7121 7511 7096 7295 7488 7687 7453 7053 7450 7650 7050 7250 7475 7076 7493 7692 7096 7295 7581 7188 7620 7816 7230 7425 7797 7416 7859 8049 7481 7669 8109 7743 8190 8372 7828 8008 8504 8131 8602 8776 8232 8404 8917 8586 9029 9195 8702 8865 5100 4300 3400 2500 1600 800 0 750 1500 1712 1803 1514 1553 1616 1167 971 895 1000 777 283 633 200 400 600 633 849 825 895 1000 1415 1524 1613 1650 1709 2309 2377 2508 2532 2571 3207 3256 3406 3424 3453 4105 4095 4305 4269 4293 4905 4937 5104 5116 
7511 7114 7488 7687 7090 7289 7055 7453 7051 7251 7450 7650 7471 7072 7488 7687 7090 7289 7572 7179 7610 7806 7219 7414 7755 7371 7812 8003 7432 7622 8051 7682 8129 8312 7764 7946 8433 8082 8528 8704 8181 8354 8890 8529 9001 9167 8644 8807 9351 9035 9473 9631 9162 9316 5850 5050 4150 3250 2350 1550 750 0 750 971 1124 777 850 961 650 283 404 603 200 586 814 777 850 961 1365 1478 1563 1601 1663 2160 2233 2359 2384 2426 3057 3109 3257 3275 3305 3956 3996 4155 4170 4194 4855 4838 5054 5016 5036 5654 5682 5854 5864 
7453 7053 7450 7650 7050 7250 7068 7471 7085 7284 7488 7687 7563 7169 7600 7796 7208 7404 7741 7357 7797 7989 7416 7607 7995 7624 8070 8255 7702 7885 8364 8009 8456 8633 8106 8281 8809 8474 8917 9085 8586 8751 9321 8973 9442 9601 9098 9254 9822 9522 9954 10104 9658 9805 6600 5800 4900 4000 3100 2300 1500 750 0 283 633 200 400 600 782 586 807 922 777 1316 1432 1514 1553 1616 2110 2185 2309 2335 2377 2907 2962 3107 3126 3158 3806 3848 4005 4020 4045 4705 4739 4905 4917 4937 5604 5583 5804 5764 5782 6404 6429 6604 6613 
7650 7250 7653 7853 7253 7453 7284 7687 7306 7505 7709 7908 7796 7404 7837 8032 7447 7642 7989 7607 8049 8239 7669 7859 8255 7885 8332 8516 7966 8149 8633 8281 8728 8903 8379 8553 9085 8751 9195 9362 8865 9029 9601 9254 9723 9881 9379 9535 10104 9805 10236 10386 9940 10087 6803 6004 5104 4205 3307 2508 1712 971 283 0 400 200 283 448 807 750 922 985 950 1500 1553 1700 1712 1747 2300 2335 2500 2508 2532 3100 3126 3300 3307 3325 4000 4020 4200 4205 4220 4900 4917 5100 5104 5116 5800 5764 6000 5954 5964 6600 6613 6800 6803 
8050 7650 8053 8253 7653 7853 7682 8085 7703 7902 8106 8305 8189 7796 8228 8424 7837 8032 8373 7989 8430 8621 8049 8239 8627 8255 8701 8886 8332 8516 8990 8633 9080 9258 8728 8903 9425 9085 9530 9700 9195 9362 9922 9571 10041 10202 9692 9851 10410 10104 10538 10692 10236 10386 6827 6030 5136 4243 3355 2571 1803 1124 633 400 0 448 283 200 700 850 922 900 1031 1553 1500 1747 1712 1700 2335 2300 2532 2508 2500 3126 3100 3325 3307 3300 4020 4000 4220 4205 4200 4917 4900 5116 5104 5100 5814 5750 6014 5954 5950 6613 6600 6812 6803 
7653 7253 7650 7850 7250 7450 7268 7670 7284 7483 7687 7886 7760 7366 7796 7993 7404 7600 7934 7549 7989 8181 7607 7797 8182 7809 8255 8440 7885 8070 8542 8186 8633 8811 8281 8456 8979 8641 9085 9254 8751 8917 9481 9131 9601 9761 9254 9411 9975 9671 10104 10256 9805 9954 6604 5804 4905 4005 3107 2309 1514 777 200 200 448 0 200 400 641 550 729 807 750 1300 1361 1500 1514 1553 2100 2138 2300 2309 2335 2900 2928 3100 3107 3126 3800 3821 4000 4005 4020 4700 4717 4900 4905 4917 5600 5565 5800 5754 5764 6400 6413 6600 6604 
7853 7453 7850 8050 7450 7650 7467 7870 7483 7682 7886 8085 7957 7563 7993 8189 7600 7796 8127 7741 8181 8373 7797 7989 8369 7995 8440 8627 8070 8255 8722 8364 8811 8990 8456 8633 9150 8809 9254 9425 8917 9085 9643 9291 9761 9922 9411 9571 10129 9822 10256 10410 9954 10104 6613 5814 4917 4020 3126 2335 1553 850 400 283 283 200 0 200 539 586 700 729 777 1316 1316 1514 1500 1514 2110 2110 2309 2300 2309 2907 2907 3107 3100 3107 3806 3806 4005 4000 4005 4705 4705 4905 4900 4905 5604 5554 5804 5750 5754 6404 6404 6604 6600 
8053 7653 8050 8250 7650 7850 7667 8069 7682 7882 8085 8285 8155 7760 8189 8386 7796 7993 8320 7934 8373 8565 7989 8181 8557 8182 8627 8814 8255 8440 8902 8542 8990 9169 8633 8811 9322 8979 9425 9596 9085 9254 9807 9452 9922 10085 9571 9731 10285 9975 10410 10566 10104 10256 6628 5831 4937 4045 3158 2377 1616 961 600 448 200 400 200 0 500 681 729 700 850 1361 1300 1553 1514 1500 2138 2100 2335 2309 2300 2928 2900 3126 3107 3100 3821 3800 4020 4005 4000 4717 4700 4917 4905 4900 5615 5550 5814 5754 5750 6413 6400 6613 6604 
8081 7682 8066 8266 7667 7866 7650 8051 7653 7853 8054 8254 8090 7692 8112 8311 7716 7914 8208 7816 8249 8445 7859 8054 8401 8018 8460 8650 8080 8270 8701 8332 8778 8962 8413 8595 9080 8728 9175 9350 8826 9000 9530 9167 9639 9806 9279 9444 9981 9661 10101 10261 9785 9942 6130 5334 4441 3552 2669 1898 1167 650 782 807 700 641 539 500 0 404 283 200 472 895 800 1078 1020 1000 1650 1600 1844 1812 1800 2434 2400 2631 2608 2600 3325 3300 3523 3506 3500 4220 4200 4419 4405 4400 5116 5050 5316 5254 5250 5914 5900 6114 6104 
7687 7289 7670 7870 7271 7471 7251 7650 7252 7452 7653 7853 7687 7289 7709 7908 7312 7511 7806 7414 7848 8043 7459 7653 8003 7622 8064 8254 7686 7875 8312 7946 8392 8575 8030 8211 8704 8354 8801 8975 8455 8627 9167 8807 9279 9444 8923 9086 9631 9316 9754 9911 9443 9598 6054 5254 4355 3456 2558 1762 971 283 586 750 850 550 586 681 404 0 250 428 200 750 850 950 971 1031 1550 1601 1750 1762 1796 2350 2384 2550 2558 2582 3250 3275 3450 3456 3474 4150 4170 4350 4355 4369 5050 5016 5250 5204 5216 5850 5864 6050 6054 
7902 7505 7882 8081 7483 7682 7453 7852 7450 7650 7851 8051 7873 7475 7891 8090 7493 7692 7974 7581 8012 8208 7620 7816 8153 7769 8209 8401 7828 8018 8440 8070 8516 8701 8149 8332 8811 8456 8903 9080 8553 8728 9254 8890 9362 9530 9001 9167 9702 9381 9821 9981 9504 9661 5914 5116 4220 3325 2434 1650 895 404 807 922 922 729 700 729 283 250 0 200 207 633 633 825 800 825 1415 1415 1613 1600 1613 2210 2210 2409 2400 2409 3107 3107 3307 3300 3307 4005 4005 4205 4200 4205 4905 4855 5104 5050 5054 5704 5704 5904 5900 
8101 7703 8081 8280 7682 7882 7653 8052 7650 7850 8051 8251 8073 7674 8090 8289 7692 7891 8171 7778 8208 8404 7816 8012 8346 7961 8401 8593 8018 8209 8627 8255 8701 8886 8332 8516 8990 8633 9080 9258 8728 8903 9425 9058 9530 9700 9167 9335 9864 9541 9981 10143 9661 9821 5931 5136 4243 3355 2474 1709 1000 603 922 985 900 807 729 700 200 428 200 0 404 722 600 895 825 800 1457 1400 1650 1613 1600 2237 2200 2434 2409 2400 3126 3100 3325 3307 3300 4020 4000 4220 4205 4200 4917 4850 5116 5054 5050 5715 5700 5914 5904 
7709 7312 7687 7886 7289 7488 7255 7653 7251 7451 7650 7850 7670 7271 7687 7886 7289 7488 7769 7375 7806 8002 7414 7610 7947 7563 8003 8195 7622 7812 8236 7866 8312 8497 7946 8129 8610 8257 8704 8880 8354 8528 9058 8695 9167 9335 8807 8973 9511 9192 9631 9791 9316 9473 5854 5054 4155 3257 2359 1563 777 200 777 950 1031 750 777 850 472 200 207 404 0 550 681 750 777 850 1350 1409 1550 1563 1601 2150 2187 2350 2359 2384 3050 3077 3250 3257 3275 3950 3971 4150 4155 4170 4850 4817 5050 5004 5016 5650 5665 5850 5854 
7796 7404 7760 7957 7366 7563 7295 7687 7275 7475 7670 7870 7650 7250 7653 7853 7253 7453 7692 7295 7716 7914 7319 7517 7816 7425 7859 8054 7471 7665 8049 7669 8113 8302 7737 7925 8372 8008 8455 8637 8095 8275 8776 8404 8876 9049 8507 8678 9195 8865 9307 9472 8981 9143 5304 4505 3606 2708 1812 1020 283 586 1316 1500 1553 1300 1316 1361 895 750 633 722 550 0 400 200 283 448 800 895 1000 1020 1078 1600 1650 1800 1812 1844 2500 2532 2700 2708 2730 3400 3424 3600 3606 3623 4300 4269 4500 4455 4468 5100 5116 5300 5304 
8189 7796 8155 8352 7760 7957 7692 8085 7674 7873 8069 8269 8050 7650 8053 8253 7653 7853 8090 7692 8112 8311 7716 7914 8208 7816 8249 8445 7859 8054 8430 8049 8491 8681 8113 8302 8739 8372 8819 9002 8455 8637 9127 8752 9223 9398 8851 9024 9530 9195 9639 9806 9307 9472 5334 4540 3650 2766 1898 1167 633 814 1432 1553 1500 1361 1316 1300 800 850 633 600 681 400 0 448 283 200 895 800 1078 1020 1000 1650 1600 1844 1812 1800 2532 2500 2730 2708 2700 3424 3400 3623 3606 3600 4319 4250 4518 4455 4450 5116 5100 5316 5304 
7837 7447 7796 7993 7404 7600 7319 7709 7295 7493 7687 7886 7653 7253 7650 7850 7250 7450 7674 7275 7692 7891 7295 7493 7778 7384 7816 8012 7425 7620 7989 7607 8049 8239 7669 7859 8293 7925 8372 8555 8008 8190 8680 8305 8776 8951 8404 8578 9085 8751 9195 9362 8865 9029 5104 4305 3406 2508 1613 825 200 777 1514 1700 1747 1500 1514 1553 1078 950 825 895 750 200 448 0 200 400 600 722 800 825 895 1400 1457 1600 1613 1650 2300 2335 2500 2508 2532 3200 3225 3400 3406 3424 4100 4070 4300 4255 4269 4900 4917 5100 5104 
