NAME : pr136
TYPE : TSP
COMMENT : 136-city problem (Padberg/Rinaldi)
DIMENSION : 136
EDGE_WEIGHT_TYPE : EXPLICIT
EDGE_WEIGHT_FORMAT : FULL_MATRIX
EDGE_WEIGHT_SECTION
0 1975 7150 9125 1222 638 707 1298 5977 6601 7792 8416 9147 7178 5001 2072 625 2312 795 2130 7195 9160 8483 7864 6686 6071 1680 1279 1242 1622 1420 2433 7290 9235 9475 7592 3226 2550 3095 2914 2930 3126 6618 7187 8294 8884 9662 7824 5928 3740 3175 3933 3345 3885 7894 9719 9172 8603 7541 7001 3871 3715 3703 3847 3970 4435 8179 9952 10454 8783 5470 5100 5538 5439 5448 5555 8056 8529 9481 10000 10773 9160 6057 5725 6213 5895 6218 7633 9267 10864 10455 9959 9058 8613 6337 6243 6235 6322 6520 6813 9677 11215 11908 10472 7901 7650 8048 7980 7986 8060 9949 10336 11135 11580 12319 10937 8508 8275 8645 8445 8673 9716 11066 12434 12144 11720 10964 10600 8851 8783 8778 8840 12866 11550 9283 9070 
1975 0 5175 7150 3173 2551 1376 780 4006 4629 5819 6443 7178 5213 3059 625 2072 4235 2130 795 5236 7195 6531 5916 4750 4145 1321 1741 2765 3347 2433 1420 5367 7290 7592 5770 2550 3226 4260 3820 3159 2949 4912 5432 6476 7042 7824 6072 4414 3175 3740 5298 3885 3345 6162 7894 7404 6867 5893 5417 3730 3898 4451 4834 4435 3970 6523 8179 8783 7266 5100 5470 6264 5974 5574 5458 6724 7113 7939 8407 9160 7718 5725 6057 7155 6218 5895 6528 7845 9267 8943 8505 7739 7383 6252 6353 6707 6967 6813 6520 8325 9677 10472 9236 7650 7901 8564 8354 8073 7993 8906 9203 9855 10236 10937 9760 8275 8508 9345 8673 8445 8874 9905 11066 10870 10512 9903 9628 8790 8862 9119 9312 11550 10443 9070 9283 
7150 5175 0 1975 8338 7714 6523 5899 1222 638 707 1298 2072 625 2312 5213 7178 9377 7195 5236 795 2130 1680 1279 1242 1622 5994 6609 7787 8406 7290 5367 1420 2433 3226 2550 5770 7592 8810 8221 7116 6548 3095 2914 2930 3126 3740 3175 3933 6072 7824 9903 7894 6162 3345 3885 3871 3715 3703 3847 6935 7473 8532 9101 8179 6523 3970 4435 5470 5100 7266 8783 9935 9417 8469 7998 5538 5439 5448 5555 6057 5725 7718 9160 11009 9267 7845 6213 5895 6218 6337 6243 6235 6322 8559 9001 9898 10392 9677 8325 6520 6813 7901 7650 9236 10472 11524 11080 10287 9903 8048 7980 7986 8060 8508 8275 9760 10937 12543 11066 9905 8645 8445 8673 8851 8783 8778 8840 10557 10918 11668 12090 9283 9070 10443 11550 
9125 7150 1975 0 10312 9687 8496 7872 3173 2551 1376 780 625 2072 4235 7178 9147 11348 9160 7195 2130 795 1321 1741 2765 3347 7943 8563 9746 10367 9235 7290 2433 1420 2550 3226 7592 9475 10697 10096 8959 8369 4260 3820 3159 2949 3175 3740 5298 7824 9662 11785 9719 7894 3885 3345 3730 3898 4451 4834 8675 9246 10351 10938 9952 8179 4435 3970 5100 5470 8783 10454 11641 11091 10068 9547 6264 5974 5574 5458 5725 6057 9160 10773 12729 10864 9267 7155 6218 5895 6252 6353 6707 6967 10022 10519 11503 12034 11215 9677 6813 6520 7650 7901 10472 11908 13023 12535 11638 11191 8564 8354 8073 7993 8275 8508 10937 12319 14077 12434 11066 9345 8673 8445 8790 8862 9119 9312 11773 12200 13057 13527 9070 9283 11550 12866 
1222 3173 8338 10312 0 625 1817 2442 7150 7775 8967 9592 10312 8338 6146 3173 1224 1094 1278 3195 8347 10319 9626 9003 7817 7195 2570 1986 1016 800 1622 3347 8406 10367 10548 8628 3871 2533 2550 2626 3132 3531 7592 8183 9323 9926 10698 8811 6805 4264 3100 3121 3258 4380 8868 10745 10161 9573 8466 7896 4146 3812 3408 3350 3847 4834 9101 10938 11366 9611 5737 4934 5100 5139 5415 5655 8783 9299 10316 10864 11643 9938 6269 5543 5594 5709 6416 8238 10031 11723 11262 10734 9761 9270 6386 6174 5934 5900 6322 6967 10392 12034 12654 11104 7991 7435 7650 7676 7863 8031 10472 10908 11787 12270 13026 11527 8568 8053 8115 8221 8727 10120 11645 13131 12784 12322 11483 11070 8796 8644 8474 8450 13527 12090 9312 8840 
638 2551 7714 9687 625 0 1192 1817 6525 7150 8342 8967 9688 7714 5522 2552 640 1691 739 2579 7723 9695 9003 8381 7195 6574 1986 1436 800 1016 1242 2765 7787 9746 9938 8026 3381 2309 2626 2550 2815 3132 7006 7592 8724 9323 10097 8223 6248 3824 2919 3377 3086 3953 8284 10147 9573 8990 7896 7335 3812 3556 3350 3408 3703 4451 8532 10351 10803 9075 5419 4823 5139 5100 5238 5415 8282 8783 9778 10316 11094 9420 5978 5444 5741 5613 6133 7784 9518 11178 10734 10218 9270 8797 6174 6020 5900 5934 6235 6707 9898 11503 12150 10643 7765 7362 7676 7650 7743 7863 10055 10472 11319 11787 12538 11084 8358 7985 8216 8155 8520 9754 11207 12646 12322 11874 11070 10677 8644 8534 8450 8474 13057 11668 9119 8778 
707 1376 6523 8496 1817 1192 0 625 5333 5958 7150 7775 8496 6523 4334 1377 709 2864 800 1426 6534 8504 7817 7195 6012 5393 1016 800 1436 1986 1279 1741 6609 8563 8781 6890 2611 2329 3132 2815 2550 2626 5912 6481 7592 8183 8961 7118 5228 3163 2935 4092 3101 3318 7188 9017 8466 7896 6836 6298 3408 3350 3556 3812 3715 3898 7473 9246 9749 8087 4974 4832 5415 5238 5100 5139 7380 7843 8783 9299 10070 8472 5579 5453 6188 5621 5744 6991 8582 10163 9761 9270 8385 7954 5934 5900 6020 6174 6243 6353 9001 10519 11223 9815 7462 7368 7863 7743 7650 7676 9326 9697 10472 10908 11642 10291 8077 7991 8535 8160 8245 9134 10423 11759 11483 11070 10340 9993 8474 8450 8534 8644 12200 10918 8862 8783 
1298 780 5899 7872 2442 1817 625 0 4708 5333 6525 7150 7872 5899 3712 782 1299 3484 1351 864 5910 7880 7195 6574 5393 4776 800 1016 1986 2570 1680 1321 5994 7943 8178 6302 2352 2571 3531 3132 2626 2550 5355 5912 7006 7592 8371 6550 4725 2953 3130 4547 3287 3119 6626 8431 7896 7335 6298 5779 3350 3408 3812 4146 3871 3730 6935 8675 9209 7592 4844 4953 5655 5415 5139 5100 6941 7380 8282 8783 9549 8001 5463 5560 6498 5726 5631 6624 8117 9647 9270 8797 7954 7549 5900 5934 6174 6386 6337 6252 8559 10022 10758 9412 7375 7448 8031 7863 7676 7650 8983 9326 10055 10472 11194 9907 7998 8065 8763 8233 8167 8856 10044 11316 11070 10677 9993 9674 8450 8474 8644 8796 11773 10557 8790 8851 
5977 4006 1222 3173 7150 6525 5333 4708 0 625 1817 2442 3173 1224 1094 4006 5977 8178 5988 4023 1278 3195 2570 1986 1016 800 4776 5393 6574 7195 6071 4145 1622 3347 3871 2533 4579 6375 7592 7006 5912 5355 2550 2626 3132 3531 4264 3100 3121 4915 6621 8685 6696 5016 3258 4380 4146 3812 3408 3350 5779 6298 7335 7896 7001 5417 3847 4834 5737 4934 6237 7653 8783 8282 7380 6941 5100 5139 5415 5655 6269 5543 6729 8059 9848 8174 6866 5594 5709 6416 6386 6174 5934 5900 7549 7954 8797 9270 8613 7383 6322 6967 7991 7435 8356 9461 10472 10055 9326 8983 7650 7676 7863 8031 8568 8053 8910 9953 11469 10090 9063 8115 8221 8727 8796 8644 8474 8450 9674 9993 10677 11070 9312 8840 9628 10600 
6601 4629 638 2551 7775 7150 5958 5333 625 0 1192 1817 2552 640 1691 4629 6601 8803 6611 4644 739 2579 1986 1436 800 1016 5393 6012 7195 7817 6686 4750 1242 2765 3381 2309 5133 6964 8183 7592 6481 5912 2626 2550 2815 3132 3824 2919 3377 5435 7189 9275 7259 5527 3086 3953 3812 3556 3350 3408 6298 6836 7896 8466 7541 5893 3703 4451 5419 4823 6654 8150 9299 8783 7843 7380 5139 5100 5238 5415 5978 5444 7117 8532 10372 8641 7247 5741 5613 6133 6174 6020 5900 5934 7954 8385 9270 9761 9058 7739 6235 6707 7765 7362 8672 9867 10908 10472 9697 9326 7676 7650 7743 7863 8358 7985 9207 10340 11922 10472 9355 8216 8155 8520 8644 8534 8450 8474 9993 10340 11070 11483 9119 8778 9903 10964 
7792 5819 707 1376 8967 8342 7150 6525 1817 1192 0 625 1377 709 2864 5819 7792 9994 7801 5831 800 1426 1016 800 1436 1986 6574 7195 8381 9003 7864 5916 1279 1741 2611 2329 6227 8101 9323 8724 7592 7006 3132 2815 2550 2626 3163 2935 4092 6478 8296 10412 8356 6555 3101 3318 3408 3350 3556 3812 7335 7896 8990 9573 8603 6867 3715 3898 4974 4832 7530 9141 10316 9778 8783 8282 5415 5238 5100 5139 5579 5453 7943 9484 11400 9582 8060 6188 5621 5744 5934 5900 6020 6174 8797 9270 10218 10734 9959 8505 6243 6353 7462 7368 9362 10700 11787 11319 10472 10055 7863 7743 7650 7676 8077 7991 9859 11138 12826 11260 9997 8535 8160 8245 8474 8450 8534 8644 10677 11070 11874 12322 8862 8783 10512 11720 
8416 6443 1298 780 9592 8967 7775 7150 2442 1817 625 0 782 1299 3484 6443 8416 10618 8424 6454 1351 864 800 1016 1986 2570 7195 7817 9003 9626 8483 6531 1680 1321 2352 2571 6814 8704 9926 9323 8183 7592 3531 3132 2626 2550 2953 3130 4547 7044 8885 11013 8941 7115 3287 3119 3350 3408 3812 4146 7896 8466 9573 10161 9172 7404 3871 3730 4844 4953 8023 9679 10864 10316 9299 8783 5655 5415 5139 5100 5463 5560 8411 10003 11951 10096 8521 6498 5726 5631 5900 5934 6174 6386 9270 9761 10734 11262 10455 8943 6337 6252 7375 7448 9762 11163 12270 11787 10908 10472 8031 7863 7676 7650 7998 8065 10240 11584 13319 11701 10373 8763 8233 8167 8450 8474 8644 8796 11070 11483 12322 12784 8790 8851 10870 12144 
9147 7178 2072 625 10312 9688 8496 7872 3173 2552 1377 782 0 1975 4176 7150 9125 11326 9127 7153 1983 170 864 1426 2579 3195 7880 8504 9695 10319 9160 7195 2130 795 1925 2758 7405 9326 10547 9937 8780 8177 3869 3378 2606 2347 2550 3226 4937 7592 9475 11628 9522 7650 3362 2720 3119 3318 3953 4380 8431 9017 10147 10745 9719 7894 3885 3345 4475 4892 8435 10164 11364 10800 9746 9207 5733 5414 4970 4839 5100 5470 8783 10454 12456 10538 8883 6657 5628 5270 5631 5744 6133 6416 9647 10163 11178 11723 10864 9267 6218 5895 7025 7298 10024 11516 12651 12147 11220 10755 7986 7760 7457 7370 7650 7901 10472 11908 13715 12018 10596 8790 8066 7820 8167 8245 8520 8727 11316 11759 12646 13131 8445 8673 11066 12434 
7178 5213 625 2072 8338 7714 6523 5899 1224 640 709 1299 1975 0 2202 5175 7150 9351 7153 5178 170 1983 1351 800 739 1278 5910 6534 7723 8347 7195 5236 795 2130 2758 1925 5522 7405 8627 8025 6888 6300 2529 2304 2324 2566 3226 2550 3433 5770 7592 9715 7650 5847 2720 3362 3287 3101 3086 3258 6626 7188 8284 8868 7894 6162 3345 3885 4892 4475 6842 8435 9609 9072 8084 7589 4929 4818 4827 4949 5470 5100 7266 8783 10692 8883 7387 5633 5270 5628 5726 5621 5613 5709 8117 8582 9518 10031 9267 7845 5895 6218 7298 7025 8726 10024 11101 10640 9811 9408 7430 7357 7363 7443 7901 7650 9236 10472 12135 10596 9378 8042 7820 8066 8233 8160 8155 8221 10044 10423 11207 11645 8673 8445 9905 11066 
5001 3059 2312 4235 6146 5522 4334 3712 1094 1691 2864 3484 4176 2202 0 2977 4951 7150 4951 2977 2202 4176 3484 2864 1691 1094 3712 4334 5522 6146 5001 3059 2312 4235 4563 2869 3499 5281 6498 5912 4821 4271 2379 2706 3559 4074 4849 3304 2550 3864 5530 7592 5608 3975 3433 4937 4547 4092 3377 3121 4725 5228 6248 6805 5928 4414 3933 5298 6059 4911 5304 6617 7727 7240 6381 5976 4809 4979 5489 5837 6526 5477 5832 7047 8783 7169 5978 5100 5633 6657 6498 6188 5741 5594 6624 6991 7784 8238 7633 6528 6213 7155 8100 7281 7551 8525 9496 9105 8437 8136 7322 7434 7785 8034 8641 7879 8129 9041 10472 9184 8288 7650 8042 8790 8763 8535 8216 8115 8856 9134 9754 10120 9345 8645 8874 9716 
2072 625 5213 7178 3173 2552 1377 782 4006 4629 5819 6443 7150 5175 2977 0 1975 4176 1983 170 5178 7153 6454 5831 4644 4023 864 1426 2579 3195 2130 795 5236 7195 7405 5522 1925 2758 3869 3378 2606 2347 4576 5131 6226 6813 7592 5770 3975 2550 3226 4937 3362 2720 5847 7650 7115 6555 5527 5016 3119 3318 3953 4380 3885 3345 6162 7894 8435 6842 4475 4892 5733 5414 4970 4839 6233 6650 7527 8020 8783 7266 5100 5470 6657 5628 5270 5978 7387 8883 8521 8060 7247 6866 5631 5744 6133 6416 6218 5895 7845 9267 10024 8726 7025 7298 7986 7760 7457 7370 8352 8668 9358 9758 10472 9236 7650 7901 8790 8066 7820 8288 9378 10596 10373 9997 9355 9063 8167 8245 8520 8727 11066 9905 8445 8673 
625 2072 7178 9147 1224 640 709 1299 5977 6601 7792 8416 9125 7150 4951 1975 0 2202 170 1983 7153 9127 8424 7801 6611 5988 1351 800 739 1278 795 2130 7195 9160 9326 7405 2758 1925 2529 2304 2324 2566 6373 6962 8100 8702 9475 7592 5608 3226 2550 3433 2720 3362 7650 9522 8941 8356 7259 6696 3287 3101 3086 3258 3345 3885 7894 9719 10164 8435 4892 4475 4929 4818 4827 4949 7650 8147 9138 9676 10454 8783 5470 5100 5633 5270 5628 7169 8883 10538 10096 9582 8641 8174 5726 5621 5613 5709 5895 6218 9267 10864 11516 10024 7298 7025 7430 7357 7363 7443 9457 9863 10697 11160 11908 10472 7901 7650 8042 7820 8066 9184 10596 12018 11701 11260 10472 10090 8233 8160 8155 8221 12434 11066 8673 8445 
2312 4235 9377 11348 1094 1691 2864 3484 8178 8803 9994 10618 11326 9351 7150 4176 2202 0 2202 4176 9351 11326 10618 9994 8803 8178 3484 2864 1691 1094 2312 4235 9377 11348 11474 9530 4563 2869 2379 2706 3559 4074 8447 9053 10214 10826 11591 9670 7592 4849 3304 2550 3433 4937 9715 11628 11013 10412 9275 8685 4547 4092 3377 3121 3933 5298 9903 11785 12147 10330 6059 4911 4809 4979 5489 5837 9424 9971 11036 11605 12386 10611 6526 5477 5100 5633 6657 8783 10692 12456 11951 11400 10372 9848 6498 6188 5741 5594 6213 7155 11009 12729 13283 11645 8100 7281 7322 7434 7785 8034 10922 11397 12340 12851 13620 12028 8641 7879 7650 8042 8790 10472 12135 13715 13319 12826 11922 11469 8763 8535 8216 8115 14077 12543 9345 8645 
795 2130 7195 9160 1278 739 800 1351 5988 6611 7801 8424 9127 7153 4951 1983 170 2202 0 1975 7150 9125 8416 7792 6601 5977 1299 709 640 1224 625 2072 7178 9147 9293 7363 2643 1755 2380 2139 2161 2420 6316 6909 8055 8660 9431 7536 5530 3093 2380 3304 2550 3226 7592 9475 8885 8296 7189 6621 3130 2935 2919 3100 3175 3740 7824 9662 10090 8346 4737 4305 4764 4649 4659 4784 7545 8048 9051 9594 10372 8685 5311 4930 5477 5100 5470 7047 8783 10454 10003 9484 8532 8059 5560 5453 5444 5543 5725 6057 9160 10773 11414 9906 7134 6855 7262 7187 7194 7275 9325 9737 10581 11049 11799 10348 7737 7480 7879 7650 7901 9041 10472 11908 11584 11138 10340 9953 8065 7991 7985 8053 12319 10937 8508 8275 
2130 795 5236 7195 3195 2579 1426 864 4023 4644 5831 6454 7153 5178 2977 170 1983 4176 1975 0 5175 7150 6443 5819 4629 4006 782 1377 2552 3173 2072 625 5213 7178 7363 5465 1755 2643 3773 3268 2462 2186 4496 5059 6167 6759 7536 5697 3864 2380 3093 4849 3226 2550 5770 7592 7044 6478 5435 4915 2953 3163 3824 4264 3740 3175 6072 7824 8346 6732 4305 4737 5592 5264 4806 4671 6103 6529 7420 7919 8685 7148 4930 5311 6526 5470 5100 5832 7266 8783 8411 7943 7117 6729 5463 5579 5978 6269 6057 5725 7718 9160 9906 8590 6855 7134 7830 7600 7290 7201 8203 8525 9225 9631 10348 9096 7480 7737 8641 7901 7650 8129 9236 10472 10240 9859 9207 8910 7998 8077 8358 8568 10937 9760 8275 8508 
7195 5236 795 2130 8347 7723 6534 5910 1278 739 800 1351 1983 170 2202 5178 7153 9351 7150 5175 0 1975 1299 709 640 1224 5899 6523 7714 8338 7178 5213 625 2072 2643 1755 5465 7363 8585 7979 6835 6242 2380 2139 2161 2420 3093 2380 3304 5697 7536 9670 7592 5770 2550 3226 3130 2935 2919 3100 6550 7118 8223 8811 7824 6072 3175 3740 4737 4305 6732 8346 9525 8984 7984 7483 4764 4649 4659 4784 5311 4930 7148 8685 10611 8783 7266 5477 5100 5470 5560 5453 5444 5543 8001 8472 9420 9938 9160 7718 5725 6057 7134 6855 8590 9906 10990 10524 9685 9276 7262 7187 7194 7275 7737 7480 9096 10348 12028 10472 9236 7879 7650 7901 8065 7991 7985 8053 9907 10291 11084 11527 8508 8275 9760 10937 
9160 7195 2130 795 10319 9695 8504 7880 3195 2579 1426 864 170 1983 4176 7153 9127 11326 9125 7150 1975 0 782 1377 2552 3173 7872 8496 9688 10312 9147 7178 2072 625 1755 2643 7363 9293 10512 9900 8738 8132 3773 3268 2462 2186 2380 3093 4849 7536 9431 11591 9475 7592 3226 2550 2953 3163 3824 4264 8371 8961 10097 10698 9662 7824 3740 3175 4305 4737 8346 10090 11294 10726 9664 9120 5592 5264 4806 4671 4930 5311 8685 10372 12386 10454 8783 6526 5470 5100 5463 5579 5978 6269 9549 10070 11094 11643 10773 9160 6057 5725 6855 7134 9906 11414 12553 12045 11110 10640 7830 7600 7290 7201 7480 7737 10348 11799 13620 11908 10472 8641 7901 7650 7998 8077 8358 8568 11194 11642 12538 13026 8275 8508 10937 12319 
8483 6531 1680 1321 9626 9003 7817 7195 2570 1986 1016 800 864 1351 3484 6454 8424 10618 8416 6443 1299 782 0 625 1817 2442 7150 7775 8967 9592 8416 6443 1298 780 1608 1914 6595 8533 9751 9137 7970 7362 3005 2523 1859 1750 2186 2420 4074 6759 8660 10826 8702 6813 2566 2347 2550 2626 3132 3531 7592 8183 9323 9926 8884 7042 3126 2949 4054 4185 7572 9309 10512 9945 8885 8344 4946 4669 4346 4300 4671 4784 7919 9594 11605 9676 8020 5837 4949 4839 5100 5139 5415 5655 8783 9299 10316 10864 10000 8407 5555 5458 6579 6661 9176 10654 11787 11285 10363 9902 7273 7087 6879 6850 7201 7275 9631 11049 12851 11160 9758 8034 7443 7370 7650 7676 7863 8031 10472 10908 11787 12270 7993 8060 10236 11580 
7864 5916 1279 1741 9003 8381 7195 6574 1986 1436 800 1016 1426 800 2864 5831 7801 9994 7792 5819 709 1377 625 0 1192 1817 6525 7150 8342 8967 7792 5819 707 1376 1968 1574 5986 7918 9137 8524 7362 6756 2523 2118 1750 1859 2462 2161 3559 6167 8055 10214 8100 6226 2324 2606 2626 2550 2815 3132 7006 7592 8724 9323 8294 6476 2930 3159 4210 4041 7049 8748 9945 9386 8344 7815 4669 4463 4300 4346 4806 4659 7420 9051 11036 9138 7527 5489 4827 4970 5139 5100 5238 5415 8282 8783 9778 10316 9481 7939 5448 5574 6676 6571 8749 10168 11285 10795 9902 9461 7087 6953 6850 6879 7290 7194 9225 10581 12340 10697 9358 7785 7363 7457 7676 7650 7743 7863 10055 10472 11319 11787 8073 7986 9855 11135 
6686 4750 1242 2765 7817 7195 6012 5393 1016 800 1436 1986 2579 739 1691 4644 6611 8803 6601 4629 640 2552 1817 1192 0 625 5333 5958 7150 7775 6601 4629 638 2551 2913 1544 4838 6749 7970 7362 6210 5613 1859 1750 2118 2523 3268 2139 2706 5059 6909 9053 6962 5131 2304 3378 3132 2815 2550 2626 5912 6481 7592 8183 7187 5432 2914 3820 4726 4029 6103 7707 8885 8344 7348 6851 4346 4300 4463 4669 5264 4649 6529 8048 9971 8147 6650 4979 4818 5414 5415 5238 5100 5139 7380 7843 8783 9299 8529 7113 5439 5974 7014 6564 8007 9287 10363 9902 9079 8682 6879 6850 6953 7087 7600 7187 8525 9737 11397 9863 8668 7434 7357 7760 7863 7743 7650 7676 9326 9697 10472 10908 8354 7980 9203 10336 
6071 4145 1622 3347 7195 6574 5393 4776 800 1016 1986 2570 3195 1278 1094 4023 5988 8178 5977 4006 1224 3173 2442 1817 625 0 4708 5333 6525 7150 5977 4006 1222 3173 3470 1863 4245 6140 7362 6756 5613 5023 1750 1859 2523 3005 3773 2380 2379 4496 6316 8447 6373 4576 2529 3869 3531 3132 2626 2550 5355 5912 7006 7592 6618 4912 3095 4260 5088 4162 5645 7179 8344 7815 6851 6377 4300 4346 4669 4946 5592 4764 6103 7545 9424 7650 6233 4809 4929 5733 5655 5415 5139 5100 6941 7380 8282 8783 8056 6724 5538 6264 7263 6646 7663 8854 9902 9461 8682 8312 6850 6879 7087 7273 7830 7262 8203 9325 10922 9457 8352 7322 7430 7986 8031 7863 7676 7650 8983 9326 10055 10472 8564 8048 8906 9949 
1680 1321 5994 7943 2570 1986 1016 800 4776 5393 6574 7195 7880 5910 3712 864 1351 3484 1299 782 5899 7872 7150 6525 5333 4708 0 625 1817 2442 1298 780 5899 7872 7996 6064 1608 1914 3005 2523 1859 1750 5023 5613 6756 7362 8132 6242 4271 2186 2420 4074 2566 2347 6300 8177 7592 7006 5912 5355 2550 2626 3132 3531 3126 2949 6548 8369 8820 7115 4054 4185 4946 4669 4346 4300 6377 6851 7815 8344 9120 7483 4671 4784 5837 4949 4839 5976 7589 9207 8783 8282 7380 6941 5100 5139 5415 5655 5555 5458 7998 9547 10229 8802 6579 6661 7273 7087 6879 6850 8312 8682 9461 9902 10640 9276 7201 7275 8034 7443 7370 8136 9408 10755 10472 10055 9326 8983 7650 7676 7863 8031 11191 9903 7993 8060 
1279 1741 6609 8563 1986 1436 800 1016 5393 6012 7195 7817 8504 6534 4334 1426 800 2864 709 1377 6523 8496 7775 7150 5958 5333 625 0 1192 1817 707 1376 6523 8496 8612 6673 1968 1574 2523 2118 1750 1859 5613 6210 7362 7970 8738 6835 4821 2462 2161 3559 2324 2606 6888 8780 8183 7592 6481 5912 2626 2550 2815 3132 2930 3159 7116 8959 9381 7640 4210 4041 4669 4463 4300 4346 6851 7348 8344 8885 9664 7984 4806 4659 5489 4827 4970 6381 8084 9746 9299 8783 7843 7380 5139 5100 5238 5415 5448 5574 8469 10068 10717 9232 6676 6571 7087 6953 6850 6879 8682 9079 9902 10363 11110 9685 7290 7194 7785 7363 7457 8437 9811 11220 10908 10472 9697 9326 7676 7650 7743 7863 11638 10287 8073 7986 
1242 2765 7787 9746 1016 800 1436 1986 6574 7195 8381 9003 9695 7723 5522 2579 739 1691 640 2552 7714 9688 8967 8342 7150 6525 1817 1192 0 625 638 2551 7714 9687 9789 7841 2913 1544 1859 1750 2118 2523 6756 7362 8524 9137 9900 7979 5912 3268 2139 2706 2304 3378 8025 9937 9323 8724 7592 7006 3132 2815 2550 2626 2914 3820 8221 10096 10472 8679 4726 4029 4346 4300 4463 4669 7815 8344 9386 9945 10726 8984 5264 4649 4979 4818 5414 7240 9072 10800 10316 9778 8783 8282 5415 5238 5100 5139 5439 5974 9417 11091 11684 10108 7014 6564 6879 6850 6953 7087 9461 9902 10795 11285 12045 10524 7600 7187 7434 7357 7760 9105 10640 12147 11787 11319 10472 10055 7863 7743 7650 7676 12535 11080 8354 7980 
1622 3347 8406 10367 800 1016 1986 2570 7195 7817 9003 9626 10319 8347 6146 3195 1278 1094 1224 3173 8338 10312 9592 8967 7775 7150 2442 1817 625 0 1222 3173 8338 10312 10408 8456 3470 1863 1750 1859 2523 3005 7362 7970 9137 9751 10512 8585 6498 3773 2380 2379 2529 3869 8627 10547 9926 9323 8183 7592 3531 3132 2626 2550 3095 4260 8810 10697 11053 9239 5088 4162 4300 4346 4669 4946 8344 8885 9945 10512 11294 9525 5592 4764 4809 4929 5733 7727 9609 11364 10864 10316 9299 8783 5655 5415 5139 5100 5538 6264 9935 11641 12207 10593 7263 6646 6850 6879 7087 7273 9902 10363 11285 11787 12553 10990 7830 7262 7322 7430 7986 9496 11101 12651 12270 11787 10908 10472 8031 7863 7676 7650 13023 11524 8564 8048 
1420 2433 7290 9235 1622 1242 1279 1680 6071 6686 7864 8483 9160 7195 5001 2130 795 2312 625 2072 7178 9147 8416 7792 6601 5977 1298 707 638 1222 0 1975 7150 9125 9195 7239 2276 1130 1863 1544 1574 1914 6140 6749 7918 8533 9293 7363 5281 2643 1755 2869 1925 2758 7405 9326 8704 8101 6964 6375 2571 2329 2309 2533 2550 3226 7592 9475 9840 8042 4177 3680 4162 4029 4041 4185 7179 7707 8748 9309 10090 8346 4737 4305 4911 4475 4892 6617 8435 10164 9679 9141 8150 7653 4953 4832 4823 4934 5100 5470 8783 10454 11049 9484 6536 6230 6646 6564 6571 6661 8854 9287 10168 10654 11414 9906 7134 6855 7281 7025 7298 8525 10024 11516 11163 10700 9867 9461 7448 7368 7362 7435 11908 10472 7901 7650 
2433 1420 5367 7290 3347 2765 1741 1321 4145 4750 5916 6531 7195 5236 3059 795 2130 4235 2072 625 5213 7178 6443 5819 4629 4006 780 1376 2551 3173 1975 0 5175 7150 7239 5297 1130 2276 3470 2913 1968 1608 4245 4838 5986 6595 7363 5465 3499 1755 2643 4563 2758 1925 5522 7405 6814 6227 5133 4579 2352 2611 3381 3871 3226 2550 5770 7592 8042 6351 3680 4177 5088 4726 4210 4054 5645 6103 7049 7572 8346 6732 4305 4737 6059 4892 4475 5304 6842 8435 8023 7530 6654 6237 4844 4974 5419 5737 5470 5100 7266 8783 9484 8099 6230 6536 7263 7014 6676 6579 7663 8007 8749 9176 9906 8590 6855 7134 8100 7298 7025 7551 8726 10024 9762 9362 8672 8356 7375 7462 7765 7991 10472 9236 7650 7901 
7290 5367 1420 2433 8406 7787 6609 5994 1622 1242 1279 1680 2130 795 2312 5236 7195 9377 7178 5213 625 2072 1298 707 638 1222 5899 6523 7714 8338 7150 5175 0 1975 2276 1130 5297 7239 8456 7841 6673 6064 1863 1544 1574 1914 2643 1755 2869 5465 7363 9530 7405 5522 1925 2758 2571 2329 2309 2533 6302 6890 8026 8628 7592 5770 2550 3226 4177 3680 6351 8042 9239 8679 7640 7115 4162 4029 4041 4185 4737 4305 6732 8346 10330 8435 6842 4911 4475 4892 4953 4832 4823 4934 7592 8087 9075 9611 8783 7266 5100 5470 6536 6230 8099 9484 10593 10108 9232 8802 6646 6564 6571 6661 7134 6855 8590 9906 11645 10024 8726 7281 7025 7298 7448 7368 7362 7435 9412 9815 10643 11104 7901 7650 9236 10472 
9235 7290 2433 1420 10367 9746 8563 7943 3347 2765 1741 1321 795 2130 4235 7195 9160 11348 9147 7178 2072 625 780 1376 2551 3173 7872 8496 9687 10312 9125 7150 1975 0 1130 2276 7239 9195 10408 9789 8612 7996 3470 2913 1968 1608 1755 2643 4563 7363 9293 11474 9326 7405 2758 1925 2352 2611 3381 3871 8178 8781 9938 10548 9475 7592 3226 2550 3680 4177 8042 9840 11053 10472 9381 8820 5088 4726 4210 4054 4305 4737 8346 10090 12147 10164 8435 6059 4892 4475 4844 4974 5419 5737 9209 9749 10803 11366 10454 8783 5470 5100 6230 6536 9484 11049 12207 11684 10717 10229 7263 7014 6676 6579 6855 7134 9906 11414 13283 11516 10024 8100 7298 7025 7375 7462 7765 7991 10758 11223 12150 12654 7650 7901 10472 11908 
9475 7592 3226 2550 10548 9938 8781 8178 3871 3381 2611 2352 1925 2758 4563 7405 9326 11474 9293 7363 2643 1755 1608 1968 2913 3470 7996 8612 9789 10408 9195 7239 2276 1130 0 1975 7150 9125 10312 9687 8496 7872 3173 2551 1376 780 625 2072 4235 7178 9147 11348 9160 7195 2130 795 1321 1741 2765 3347 7943 8563 9746 10367 9235 7290 2433 1420 2550 3226 7592 9475 10697 10096 8959 8369 4260 3820 3159 2949 3175 3740 7824 9662 11785 9719 7894 5298 3885 3345 3730 3898 4451 4834 8675 9246 10351 10938 9952 8179 4435 3970 5100 5470 8783 10454 11641 11091 10068 9547 6264 5974 5574 5458 5725 6057 9160 10773 12729 10864 9267 7155 6218 5895 6252 6353 6707 6967 10022 10519 11503 12034 6520 6813 9677 11215 
7592 5770 2550 3226 8628 8026 6890 6302 2533 2309 2329 2571 2758 1925 2869 5522 7405 9530 7363 5465 1755 2643 1914 1574 1544 1863 6064 6673 7841 8456 7239 5297 1130 2276 1975 0 5175 7150 8338 7714 6523 5899 1222 638 707 1298 2072 625 2312 5213 7178 9377 7195 5236 795 2130 1680 1279 1242 1622 5994 6609 7787 8406 7290 5367 1420 2433 3226 2550 5770 7592 8810 8221 7116 6548 3095 2914 2930 3126 3740 3175 6072 7824 9903 7894 6162 3933 3345 3885 3871 3715 3703 3847 6935 7473 8532 9101 8179 6523 3970 4435 5470 5100 7266 8783 9935 9417 8469 7998 5538 5439 5448 5555 6057 5725 7718 9160 11009 9267 7845 6213 5895 6218 6337 6243 6235 6322 8559 9001 9898 10392 6813 6520 8325 9677 
3226 2550 5770 7592 3871 3381 2611 2352 4579 5133 6227 6814 7405 5522 3499 1925 2758 4563 2643 1755 5465 7363 6595 5986 4838 4245 1608 1968 2913 3470 2276 1130 5297 7239 7150 5175 0 1975 3173 2551 1376 780 4006 4629 5819 6443 7178 5213 3059 625 2072 4235 2130 795 5236 7195 6531 5916 4750 4145 1321 1741 2765 3347 2433 1420 5367 7290 7592 5770 2550 3226 4260 3820 3159 2949 4912 5432 6476 7042 7824 6072 3175 3740 5298 3885 3345 4414 6162 7894 7404 6867 5893 5417 3730 3898 4451 4834 4435 3970 6523 8179 8783 7266 5100 5470 6264 5974 5574 5458 6724 7113 7939 8407 9160 7718 5725 6057 7155 6218 5895 6528 7845 9267 8943 8505 7739 7383 6252 6353 6707 6967 9677 8325 6520 6813 
2550 3226 7592 9475 2533 2309 2329 2571 6375 6964 8101 8704 9326 7405 5281 2758 1925 2869 1755 2643 7363 9293 8533 7918 6749 6140 1914 1574 1544 1863 1130 2276 7239 9195 9125 7150 1975 0 1222 638 707 1298 5977 6601 7792 8416 9147 7178 5001 2072 625 2312 795 2130 7195 9160 8483 7864 6686 6071 1680 1279 1242 1622 1420 2433 7290 9235 9475 7592 3226 2550 3095 2914 2930 3126 6618 7187 8294 8884 9662 7824 3740 3175 3933 3345 3885 5928 7894 9719 9172 8603 7541 7001 3871 3715 3703 3847 3970 4435 8179 9952 10454 8783 5470 5100 5538 5439 5448 5555 8056 8529 9481 10000 10773 9160 6057 5725 6213 5895 6218 7633 9267 10864 10455 9959 9058 8613 6337 6243 6235 6322 11215 9677 6813 6520 
3095 4260 8810 10697 2550 2626 3132 3531 7592 8183 9323 9926 10547 8627 6498 3869 2529 2379 2380 3773 8585 10512 9751 9137 7970 7362 3005 2523 1859 1750 1863 3470 8456 10408 10312 8338 3173 1222 0 625 1817 2442 7150 7775 8967 9592 10312 8338 6146 3173 1224 1094 1278 3195 8347 10319 9626 9003 7817 7195 2570 1986 1016 800 1622 3347 8406 10367 10548 8628 3871 2533 2550 2626 3132 3531 7592 8183 9323 9926 10698 8811 4264 3100 3121 3258 4380 6805 8868 10745 10161 9573 8466 7896 4146 3812 3408 3350 3847 4834 9101 10938 11366 9611 5737 4934 5100 5139 5415 5655 8783 9299 10316 10864 11643 9938 6269 5543 5594 5709 6416 8238 10031 11723 11262 10734 9761 9270 6386 6174 5934 5900 12034 10392 6967 6322 
2914 3820 8221 10096 2626 2550 2815 3132 7006 7592 8724 9323 9937 8025 5912 3378 2304 2706 2139 3268 7979 9900 9137 8524 7362 6756 2523 2118 1750 1859 1544 2913 7841 9789 9687 7714 2551 638 625 0 1192 1817 6525 7150 8342 8967 9688 7714 5522 2552 640 1691 739 2579 7723 9695 9003 8381 7195 6574 1986 1436 800 1016 1242 2765 7787 9746 9938 8026 3381 2309 2626 2550 2815 3132 7006 7592 8724 9323 10097 8223 3824 2919 3377 3086 3953 6248 8284 10147 9573 8990 7896 7335 3812 3556 3350 3408 3703 4451 8532 10351 10803 9075 5419 4823 5139 5100 5238 5415 8282 8783 9778 10316 11094 9420 5978 5444 5741 5613 6133 7784 9518 11178 10734 10218 9270 8797 6174 6020 5900 5934 11503 9898 6707 6235 
2930 3159 7116 8959 3132 2815 2550 2626 5912 6481 7592 8183 8780 6888 4821 2606 2324 3559 2161 2462 6835 8738 7970 7362 6210 5613 1859 1750 2118 2523 1574 1968 6673 8612 8496 6523 1376 707 1817 1192 0 625 5333 5958 7150 7775 8496 6523 4334 1377 709 2864 800 1426 6534 8504 7817 7195 6012 5393 1016 800 1436 1986 1279 1741 6609 8563 8781 6890 2611 2329 3132 2815 2550 2626 5912 6481 7592 8183 8961 7118 3163 2935 4092 3101 3318 5228 7188 9017 8466 7896 6836 6298 3408 3350 3556 3812 3715 3898 7473 9246 9749 8087 4974 4832 5415 5238 5100 5139 7380 7843 8783 9299 10070 8472 5579 5453 6188 5621 5744 6991 8582 10163 9761 9270 8385 7954 5934 5900 6020 6174 10519 9001 6353 6243 
3126 2949 6548 8369 3531 3132 2626 2550 5355 5912 7006 7592 8177 6300 4271 2347 2566 4074 2420 2186 6242 8132 7362 6756 5613 5023 1750 1859 2523 3005 1914 1608 6064 7996 7872 5899 780 1298 2442 1817 625 0 4708 5333 6525 7150 7872 5899 3712 782 1299 3484 1351 864 5910 7880 7195 6574 5393 4776 800 1016 1986 2570 1680 1321 5994 7943 8178 6302 2352 2571 3531 3132 2626 2550 5355 5912 7006 7592 8371 6550 2953 3130 4547 3287 3119 4725 6626 8431 7896 7335 6298 5779 3350 3408 3812 4146 3871 3730 6935 8675 9209 7592 4844 4953 5655 5415 5139 5100 6941 7380 8282 8783 9549 8001 5463 5560 6498 5726 5631 6624 8117 9647 9270 8797 7954 7549 5900 5934 6174 6386 10022 8559 6252 6337 
6618 4912 3095 4260 7592 7006 5912 5355 2550 2626 3132 3531 3869 2529 2379 4576 6373 8447 6316 4496 2380 3773 3005 2523 1859 1750 5023 5613 6756 7362 6140 4245 1863 3470 3173 1222 4006 5977 7150 6525 5333 4708 0 625 1817 2442 3173 1224 1094 4006 5977 8178 5988 4023 1278 3195 2570 1986 1016 800 4776 5393 6574 7195 6071 4145 1622 3347 3871 2533 4579 6375 7592 7006 5912 5355 2550 2626 3132 3531 4264 3100 4915 6621 8685 6696 5016 3121 3258 4380 4146 3812 3408 3350 5779 6298 7335 7896 7001 5417 3847 4834 5737 4934 6237 7653 8783 8282 7380 6941 5100 5139 5415 5655 6269 5543 6729 8059 9848 8174 6866 5594 5709 6416 6386 6174 5934 5900 7549 7954 8797 9270 6967 6322 7383 8613 
7187 5432 2914 3820 8183 7592 6481 5912 2626 2550 2815 3132 3378 2304 2706 5131 6962 9053 6909 5059 2139 3268 2523 2118 1750 1859 5613 6210 7362 7970 6749 4838 1544 2913 2551 638 4629 6601 7775 7150 5958 5333 625 0 1192 1817 2552 640 1691 4629 6601 8803 6611 4644 739 2579 1986 1436 800 1016 5393 6012 7195 7817 6686 4750 1242 2765 3381 2309 5133 6964 8183 7592 6481 5912 2626 2550 2815 3132 3824 2919 5435 7189 9275 7259 5527 3377 3086 3953 3812 3556 3350 3408 6298 6836 7896 8466 7541 5893 3703 4451 5419 4823 6654 8150 9299 8783 7843 7380 5139 5100 5238 5415 5978 5444 7117 8532 10372 8641 7247 5741 5613 6133 6174 6020 5900 5934 7954 8385 9270 9761 6707 6235 7739 9058 
8294 6476 2930 3159 9323 8724 7592 7006 3132 2815 2550 2626 2606 2324 3559 6226 8100 10214 8055 6167 2161 2462 1859 1750 2118 2523 6756 7362 8524 9137 7918 5986 1574 1968 1376 707 5819 7792 8967 8342 7150 6525 1817 1192 0 625 1377 709 2864 5819 7792 9994 7801 5831 800 1426 1016 800 1436 1986 6574 7195 8381 9003 7864 5916 1279 1741 2611 2329 6227 8101 9323 8724 7592 7006 3132 2815 2550 2626 3163 2935 6478 8296 10412 8356 6555 4092 3101 3318 3408 3350 3556 3812 7335 7896 8990 9573 8603 6867 3715 3898 4974 4832 7530 9141 10316 9778 8783 8282 5415 5238 5100 5139 5579 5453 7943 9484 11400 9582 8060 6188 5621 5744 5934 5900 6020 6174 8797 9270 10218 10734 6353 6243 8505 9959 
8884 7042 3126 2949 9926 9323 8183 7592 3531 3132 2626 2550 2347 2566 4074 6813 8702 10826 8660 6759 2420 2186 1750 1859 2523 3005 7362 7970 9137 9751 8533 6595 1914 1608 780 1298 6443 8416 9592 8967 7775 7150 2442 1817 625 0 782 1299 3484 6443 8416 10618 8424 6454 1351 864 800 1016 1986 2570 7195 7817 9003 9626 8483 6531 1680 1321 2352 2571 6814 8704 9926 9323 8183 7592 3531 3132 2626 2550 2953 3130 7044 8885 11013 8941 7115 4547 3287 3119 3350 3408 3812 4146 7896 8466 9573 10161 9172 7404 3871 3730 4844 4953 8023 9679 10864 10316 9299 8783 5655 5415 5139 5100 5463 5560 8411 10003 11951 10096 8521 6498 5726 5631 5900 5934 6174 6386 9270 9761 10734 11262 6252 6337 8943 10455 
9662 7824 3740 3175 10698 10097 8961 8371 4264 3824 3163 2953 2550 3226 4849 7592 9475 11591 9431 7536 3093 2380 2186 2462 3268 3773 8132 8738 9900 10512 9293 7363 2643 1755 625 2072 7178 9147 10312 9688 8496 7872 3173 2552 1377 782 0 1975 4176 7150 9125 11326 9127 7153 1983 170 864 1426 2579 3195 7880 8504 9695 10319 9160 7195 2130 795 1925 2758 7405 9326 10547 9937 8780 8177 3869 3378 2606 2347 2550 3226 7592 9475 11628 9522 7650 4937 3362 2720 3119 3318 3953 4380 8431 9017 10147 10745 9719 7894 3885 3345 4475 4892 8435 10164 11364 10800 9746 9207 5733 5414 4970 4839 5100 5470 8783 10454 12456 10538 8883 6657 5628 5270 5631 5744 6133 6416 9647 10163 11178 11723 5895 6218 9267 10864 
7824 6072 3175 3740 8811 8223 7118 6550 3100 2919 2935 3130 3226 2550 3304 5770 7592 9670 7536 5697 2380 3093 2420 2161 2139 2380 6242 6835 7979 8585 7363 5465 1755 2643 2072 625 5213 7178 8338 7714 6523 5899 1224 640 709 1299 1975 0 2202 5175 7150 9351 7153 5178 170 1983 1351 800 739 1278 5910 6534 7723 8347 7195 5236 795 2130 2758 1925 5522 7405 8627 8025 6888 6300 2529 2304 2324 2566 3226 2550 5770 7592 9715 7650 5847 3433 2720 3362 3287 3101 3086 3258 6626 7188 8284 8868 7894 6162 3345 3885 4892 4475 6842 8435 9609 9072 8084 7589 4929 4818 4827 4949 5470 5100 7266 8783 10692 8883 7387 5633 5270 5628 5726 5621 5613 5709 8117 8582 9518 10031 6218 5895 7845 9267 
5928 4414 3933 5298 6805 6248 5228 4725 3121 3377 4092 4547 4937 3433 2550 3975 5608 7592 5530 3864 3304 4849 4074 3559 2706 2379 4271 4821 5912 6498 5281 3499 2869 4563 4235 2312 3059 5001 6146 5522 4334 3712 1094 1691 2864 3484 4176 2202 0 2977 4951 7150 4951 2977 2202 4176 3484 2864 1691 1094 3712 4334 5522 6146 5001 3059 2312 4235 4563 2869 3499 5281 6498 5912 4821 4271 2379 2706 3559 4074 4849 3304 3864 5530 7592 5608 3975 2550 3433 4937 4547 4092 3377 3121 4725 5228 6248 6805 5928 4414 3933 5298 6059 4911 5304 6617 7727 7240 6381 5976 4809 4979 5489 5837 6526 5477 5832 7047 8783 7169 5978 5100 5633 6657 6498 6188 5741 5594 6624 6991 7784 8238 7155 6213 6528 7633 
3740 3175 6072 7824 4264 3824 3163 2953 4915 5435 6478 7044 7592 5770 3864 2550 3226 4849 3093 2380 5697 7536 6759 6167 5059 4496 2186 2462 3268 3773 2643 1755 5465 7363 7178 5213 625 2072 3173 2552 1377 782 4006 4629 5819 6443 7150 5175 2977 0 1975 4176 1983 170 5178 7153 6454 5831 4644 4023 864 1426 2579 3195 2130 795 5236 7195 7405 5522 1925 2758 3869 3378 2606 2347 4576 5131 6226 6813 7592 5770 2550 3226 4937 3362 2720 3975 5847 7650 7115 6555 5527 5016 3119 3318 3953 4380 3885 3345 6162 7894 8435 6842 4475 4892 5733 5414 4970 4839 6233 6650 7527 8020 8783 7266 5100 5470 6657 5628 5270 5978 7387 8883 8521 8060 7247 6866 5631 5744 6133 6416 9267 7845 5895 6218 
3175 3740 7824 9662 3100 2919 2935 3130 6621 7189 8296 8885 9475 7592 5530 3226 2550 3304 2380 3093 7536 9431 8660 8055 6909 6316 2420 2161 2139 2380 1755 2643 7363 9293 9147 7178 2072 625 1224 640 709 1299 5977 6601 7792 8416 9125 7150 4951 1975 0 2202 170 1983 7153 9127 8424 7801 6611 5988 1351 800 739 1278 795 2130 7195 9160 9326 7405 2758 1925 2529 2304 2324 2566 6373 6962 8100 8702 9475 7592 3226 2550 3433 2720 3362 5608 7650 9522 8941 8356 7259 6696 3287 3101 3086 3258 3345 3885 7894 9719 10164 8435 4892 4475 4929 4818 4827 4949 7650 8147 9138 9676 10454 8783 5470 5100 5633 5270 5628 7169 8883 10538 10096 9582 8641 8174 5726 5621 5613 5709 10864 9267 6218 5895 
3933 5298 9903 11785 3121 3377 4092 4547 8685 9275 10412 11013 11628 9715 7592 4937 3433 2550 3304 4849 9670 11591 10826 10214 9053 8447 4074 3559 2706 2379 2869 4563 9530 11474 11348 9377 4235 2312 1094 1691 2864 3484 8178 8803 9994 10618 11326 9351 7150 4176 2202 0 2202 4176 9351 11326 10618 9994 8803 8178 3484 2864 1691 1094 2312 4235 9377 11348 11474 9530 4563 2869 2379 2706 3559 4074 8447 9053 10214 10826 11591 9670 4849 3304 2550 3433 4937 7592 9715 11628 11013 10412 9275 8685 4547 4092 3377 3121 3933 5298 9903 11785 12147 10330 6059 4911 4809 4979 5489 5837 9424 9971 11036 11605 12386 10611 6526 5477 5100 5633 6657 8783 10692 12456 11951 11400 10372 9848 6498 6188 5741 5594 12729 11009 7155 6213 
3345 3885 7894 9719 3258 3086 3101 3287 6696 7259 8356 8941 9522 7650 5608 3362 2720 3433 2550 3226 7592 9475 8702 8100 6962 6373 2566 2324 2304 2529 1925 2758 7405 9326 9160 7195 2130 795 1278 739 800 1351 5988 6611 7801 8424 9127 7153 4951 1983 170 2202 0 1975 7150 9125 8416 7792 6601 5977 1299 709 640 1224 625 2072 7178 9147 9293 7363 2643 1755 2380 2139 2161 2420 6316 6909 8055 8660 9431 7536 3093 2380 3304 2550 3226 5530 7592 9475 8885 8296 7189 6621 3130 2935 2919 3100 3175 3740 7824 9662 10090 8346 4737 4305 4764 4649 4659 4784 7545 8048 9051 9594 10372 8685 5311 4930 5477 5100 5470 7047 8783 10454 10003 9484 8532 8059 5560 5453 5444 5543 10773 9160 6057 5725 
3885 3345 6162 7894 4380 3953 3318 3119 5016 5527 6555 7115 7650 5847 3975 2720 3362 4937 3226 2550 5770 7592 6813 6226 5131 4576 2347 2606 3378 3869 2758 1925 5522 7405 7195 5236 795 2130 3195 2579 1426 864 4023 4644 5831 6454 7153 5178 2977 170 1983 4176 1975 0 5175 7150 6443 5819 4629 4006 782 1377 2552 3173 2072 625 5213 7178 7363 5465 1755 2643 3773 3268 2462 2186 4496 5059 6167 6759 7536 5697 2380 3093 4849 3226 2550 3864 5770 7592 7044 6478 5435 4915 2953 3163 3824 4264 3740 3175 6072 7824 8346 6732 4305 4737 5592 5264 4806 4671 6103 6529 7420 7919 8685 7148 4930 5311 6526 5470 5100 5832 7266 8783 8411 7943 7117 6729 5463 5579 5978 6269 9160 7718 5725 6057 
7894 6162 3345 3885 8868 8284 7188 6626 3258 3086 3101 3287 3362 2720 3433 5847 7650 9715 7592 5770 2550 3226 2566 2324 2304 2529 6300 6888 8025 8627 7405 5522 1925 2758 2130 795 5236 7195 8347 7723 6534 5910 1278 739 800 1351 1983 170 2202 5178 7153 9351 7150 5175 0 1975 1299 709 640 1224 5899 6523 7714 8338 7178 5213 625 2072 2643 1755 5465 7363 8585 7979 6835 6242 2380 2139 2161 2420 3093 2380 5697 7536 9670 7592 5770 3304 2550 3226 3130 2935 2919 3100 6550 7118 8223 8811 7824 6072 3175 3740 4737 4305 6732 8346 9525 8984 7984 7483 4764 4649 4659 4784 5311 4930 7148 8685 10611 8783 7266 5477 5100 5470 5560 5453 5444 5543 8001 8472 9420 9938 6057 5725 7718 9160 
9719 7894 3885 3345 10745 10147 9017 8431 4380 3953 3318 3119 2720 3362 4937 7650 9522 11628 9475 7592 3226 2550 2347 2606 3378 3869 8177 8780 9937 10547 9326 7405 2758 1925 795 2130 7195 9160 10319 9695 8504 7880 3195 2579 1426 864 170 1983 4176 7153 9127 11326 9125 7150 1975 0 782 1377 2552 3173 7872 8496 9688 10312 9147 7178 2072 625 1755 2643 7363 9293 10512 9900 8738 8132 3773 3268 2462 2186 2380 3093 7536 9431 11591 9475 7592 4849 3226 2550 2953 3163 3824 4264 8371 8961 10097 10698 9662 7824 3740 3175 4305 4737 8346 10090 11294 10726 9664 9120 5592 5264 4806 4671 4930 5311 8685 10372 12386 10454 8783 6526 5470 5100 5463 5579 5978 6269 9549 10070 11094 11643 5725 6057 9160 10773 
9172 7404 3871 3730 10161 9573 8466 7896 4146 3812 3408 3350 3119 3287 4547 7115 8941 11013 8885 7044 3130 2953 2550 2626 3132 3531 7592 8183 9323 9926 8704 6814 2571 2352 1321 1680 6531 8483 9626 9003 7817 7195 2570 1986 1016 800 864 1351 3484 6454 8424 10618 8416 6443 1299 782 0 625 1817 2442 7150 7775 8967 9592 8416 6443 1298 780 1608 1914 6595 8533 9751 9137 7970 7362 3005 2523 1859 1750 2186 2420 6759 8660 10826 8702 6813 4074 2566 2347 2550 2626 3132 3531 7592 8183 9323 9926 8884 7042 3126 2949 4054 4185 7572 9309 10512 9945 8885 8344 4946 4669 4346 4300 4671 4784 7919 9594 11605 9676 8020 5837 4949 4839 5100 5139 5415 5655 8783 9299 10316 10864 5458 5555 8407 10000 
