NAME : kroA100
TYPE : TSP
COMMENT : 100-city problem A (Krolak/Felts/Nelson)
DIMENSION : 100
EDGE_WEIGHT_TYPE : EXPLICIT
EDGE_WEIGHT_FORMAT : FULL_MATRIX
EDGE_WEIGHT_SECTION
0 1693 2253 1104 2523 397 1447 425 1425 750 903 1547 2554 2379 1015 1260 1018 1168 814 1405 886 1330 883 1207 1195 1511 1572 416 2081 2145 887 791 2641 1804 1577 1173 2519 1225 2103 1359 2698 662 2251 1669 924 2115 430 2523 443 1707 1129 2475 1011 1395 1708 796 1360 719 1031 1153 1044 1260 289 1366 1251 1287 594 1618 1241 1387 2636 802 1532 942 629 2649 1049 2443 1008 863 1220 2187 1716 889 1734 1509 1255 1220 807 644 753 303 413 1359 2432 2377 815 783 1469 2644 
1693 0 1709 2403 1186 2057 1392 1620 1343 2442 2359 1607 970 1662 2446 2831 2456 2837 2311 1604 2502 2897 1922 2895 894 2671 1738 1364 1501 1191 1593 2166 1070 1452 1894 2858 1144 2918 962 337 1985 1537 1835 257 2125 1637 1933 1596 2095 417 1147 1303 2578 332 1530 1903 1401 1161 2627 1852 1007 1803 1980 332 2527 2619 1103 711 574 2888 1902 2459 463 2544 2077 1046 1664 1263 2648 1671 843 570 1514 2582 833 1753 1219 2807 1420 2302 1979 1770 1400 2964 794 1201 2094 1912 3156 1831 
2253 1709 0 3333 1074 2623 812 2502 830 2794 2265 783 1533 222 2280 3483 2293 3287 3066 935 2583 3552 1704 3246 1184 3717 847 1856 215 593 2770 2087 1533 449 984 3048 1134 3216 851 1731 451 2592 172 1453 1896 140 2139 508 2670 1293 1138 824 3247 1828 568 2917 903 1573 2626 1378 1276 1228 2474 1651 3480 3530 1873 1021 1424 3631 402 2641 1288 2583 2871 1616 1334 833 3194 2812 1193 1531 553 2914 881 927 1001 3436 2588 2843 1886 2516 1846 3555 1634 827 3019 1787 3315 455 
1104 2403 3333 0 3448 823 2539 851 2512 1031 1696 2650 3363 3442 1795 625 1790 929 373 2509 1445 661 1929 1102 2204 418 2676 1479 3150 3153 845 1697 3459 2887 2675 1337 3429 1190 3061 2088 3772 868 3344 2480 1896 3198 1395 3556 786 2569 2196 3448 498 2072 2802 501 2455 1764 1573 2236 2077 2354 974 2132 148 217 1503 2576 2133 555 3705 1294 2417 1508 478 3444 2148 3413 719 759 2216 2966 2809 1062 2713 2612 2333 645 993 748 1761 820 1492 785 3197 3345 325 1822 1499 3702 
2523 1186 1074 3448 0 2920 1424 2606 1401 3219 2884 1553 503 891 2935 3771 2947 3682 3278 1656 3136 3840 2329 3692 1344 3766 1676 2114 973 554 2701 2684 475 1179 1852 3570 70 3689 438 1414 1080 2594 1245 1008 2549 1108 2592 653 2965 888 1499 260 3516 1469 1343 2962 1500 1819 3222 2088 1507 1966 2800 1350 3584 3662 1972 906 1317 3870 1008 3146 1031 3157 3050 565 1958 243 3531 2769 1311 705 1320 3355 806 1739 1443 3735 2516 3167 2469 2702 2129 3880 671 254 3125 2374 3864 895 
397 2057 2623 823 2920 0 1813 534 1794 437 908 1892 2941 2759 1015 868 1013 782 474 1744 738 938 1111 844 1591 1239 1900 812 2459 2539 945 881 3030 2176 1880 877 2915 879 2500 1721 3072 765 2611 2051 1075 2485 575 2912 48 2097 1514 2871 624 1746 2069 698 1723 1114 887 1429 1438 1556 158 1736 961 971 974 2015 1631 1008 3012 605 1923 803 375 3035 1362 2839 612 887 1617 2568 2079 561 2131 1831 1634 826 943 250 939 330 805 963 2812 2774 610 1003 1155 3025 
1447 1392 812 2539 1424 1813 0 1725 51 1990 1512 217 1710 964 1546 2671 1558 2481 2260 243 1807 2741 943 2448 556 2932 346 1063 664 895 2041 1321 1757 367 509 2266 1454 2424 1006 1259 1262 1844 806 1166 1154 673 1333 1165 1860 1052 383 1264 2436 1363 265 2145 94 801 1867 667 562 542 1663 1188 2686 2730 1131 741 896 2821 1206 1851 935 1815 2071 1811 561 1246 2383 2072 594 1509 270 2113 715 370 238 2624 1868 2032 1109 1720 1047 2745 1708 1197 2230 1010 2545 1232 
425 1620 2502 851 2606 534 1725 0 1694 970 1308 1859 2554 2601 1421 1211 1422 1258 692 1729 1229 1277 1296 1351 1356 1217 1905 671 2313 2302 465 1211 2649 2060 1935 1411 2591 1398 2213 1289 2934 248 2525 1661 1348 2370 850 2707 554 1737 1366 2599 959 1294 1989 421 1647 931 1380 1540 1234 1631 555 1321 994 1062 652 1726 1290 1276 2866 1114 1578 1292 457 2642 1412 2564 1048 439 1366 2164 1993 1093 1863 1850 1507 1188 417 739 1176 207 697 1346 2403 2496 528 1200 1684 2858 
1425 1343 830 2512 1401 1794 51 1694 0 1981 1519 267 1675 973 1556 2655 1569 2472 2238 282 1808 2725 951 2443 507 2903 395 1034 672 879 2003 1326 1724 382 556 2266 1428 2420 978 1209 1278 1808 833 1117 1166 691 1325 1164 1841 1006 342 1247 2418 1312 298 2113 100 766 1873 688 518 570 1646 1138 2659 2705 1093 697 846 2802 1220 1849 887 1818 2046 1777 570 1228 2370 2035 544 1467 300 2106 676 416 196 2609 1828 2016 1113 1693 1021 2731 1669 1177 2202 1014 2547 1241 
750 2442 2794 1031 3219 437 1990 970 1981 0 722 2025 3287 2953 803 770 795 494 665 1872 421 830 1137 474 1875 1417 2004 1118 2652 2793 1367 796 3372 2356 1945 442 3221 479 2787 2108 3245 1198 2756 2410 1018 2655 657 3137 421 2438 1750 3142 618 2142 2227 1079 1897 1402 543 1482 1713 1627 466 2115 1137 1103 1341 2316 1974 970 3193 270 2260 481 713 3384 1470 3114 455 1302 1909 2928 2241 141 2416 1927 1849 714 1377 301 946 765 1096 792 3173 3051 934 1036 726 3221 
903 2359 2265 1696 2884 908 1512 1308 1519 722 0 1484 3057 2451 114 1488 116 1162 1324 1335 349 1545 570 1061 1593 2103 1428 1027 2159 2391 1772 202 3127 1860 1330 805 2900 1005 2447 2053 2706 1554 2197 2253 371 2131 486 2673 932 2232 1392 2758 1335 2119 1707 1593 1422 1200 362 889 1432 1040 792 2032 1820 1801 1325 2028 1808 1691 2665 468 2055 329 1281 3159 952 2736 1174 1734 1639 2746 1726 782 2089 1347 1443 1431 1708 955 416 1128 983 1492 2985 2680 1517 510 1054 2713 
1547 1607 783 2650 1553 1892 217 1859 267 2025 1484 0 1877 970 1502 2736 1515 2519 2353 154 1801 2805 922 2470 768 3051 137 1189 686 1006 2202 1305 1917 396 313 2266 1590 2438 1155 1474 1228 1997 732 1377 1115 648 1376 1208 1939 1259 571 1367 2509 1577 230 2280 241 956 1844 599 757 453 1738 1404 2797 2834 1297 944 1110 2897 1184 1862 1148 1801 2175 1976 556 1355 2439 2227 808 1701 251 2141 900 186 436 2687 2034 2097 1105 1833 1167 2798 1890 1313 2349 1006 2533 1230 
2554 970 1533 3363 503 2941 1710 2554 1675 3287 3057 1877 0 1371 3123 3757 3134 3721 3244 1951 3268 3825 2532 3756 1465 3640 2009 2171 1398 957 2562 2855 101 1543 2187 3673 434 3766 734 1275 1581 2495 1702 895 2752 1542 2703 1151 2983 850 1675 756 3502 1297 1694 2864 1768 1901 3372 2343 1627 2241 2841 1235 3490 3579 1968 1034 1315 3830 1508 3255 1029 3299 3010 103 2187 731 3548 2638 1420 400 1671 3427 1003 2060 1661 3728 2387 3190 2645 2683 2196 3881 216 716 3048 2558 3972 1396 
2379 1662 222 3442 891 2759 964 2601 973 2953 2451 970 1371 0 2471 3623 2484 3444 3191 1117 2761 3693 1885 3411 1255 3817 1047 1973 302 483 2839 2268 1361 599 1193 3223 955 3386 741 1728 344 2673 380 1411 2084 330 2296 288 2806 1249 1251 634 3382 1820 744 3009 1057 1680 2811 1568 1368 1421 2613 1648 3588 3643 1959 1014 1451 3764 268 2812 1274 2764 2987 1447 1508 650 3341 2886 1255 1416 726 3076 864 1126 1125 3578 2653 2985 2062 2630 1968 3702 1491 656 3123 1963 3496 269 
1015 2446 2280 1795 2935 1015 1546 1421 1556 803 114 1502 3123 2471 0 1561 14 1220 1423 1356 403 1616 607 1106 1662 2199 1437 1126 2184 2433 1885 281 3191 1885 1327 831 2954 1043 2500 2145 2716 1667 2204 2333 392 2147 596 2701 1038 2306 1452 2801 1419 2213 1729 1703 1458 1286 371 903 1503 1052 903 2121 1916 1894 1426 2091 1890 1768 2678 539 2130 365 1387 3225 987 2780 1249 1847 1709 2820 1748 849 2147 1355 1493 1503 1821 1050 479 1241 1081 1556 3057 2725 1623 566 1058 2731 
1260 2831 3483 625 3771 868 2671 1211 2655 770 1488 2736 3757 3623 1561 0 1553 400 524 2585 1163 71 1886 579 2453 840 2731 1675 3323 3404 1388 1563 3849 3036 2689 877 3762 675 3357 2499 3932 1334 3463 2862 1784 3344 1368 3779 821 2925 2381 3732 256 2504 2923 1021 2580 1978 1248 2227 2303 2366 1011 2528 631 535 1803 2869 2465 215 3874 1024 2757 1212 756 3846 2190 3700 316 1302 2477 3371 2934 715 2991 2657 2500 59 1496 641 1697 1076 1671 161 3612 3634 805 1781 951 3890 
1018 2456 2293 1790 2947 1013 1558 1422 1569 795 116 1515 3134 2484 14 1553 0 1210 1418 1369 393 1607 620 1095 1673 2193 1450 1133 2197 2445 1886 290 3203 1898 1340 819 2966 1032 2512 2153 2729 1669 2217 2343 405 2160 600 2714 1035 2316 1463 2813 1412 2221 1742 1702 1471 1295 359 916 1514 1065 902 2130 1911 1888 1433 2103 1900 1760 2691 530 2141 355 1384 3236 1000 2792 1241 1847 1720 2831 1761 840 2158 1368 1505 1495 1823 1045 490 1241 1089 1546 3068 2738 1621 577 1045 2744 
1168 2837 3287 929 3682 782 2481 1258 2472 494 1162 2519 3721 3444 1220 400 1210 0 672 2365 818 432 1625 182 2341 1219 2496 1568 3143 3272 1549 1270 3809 2848 2433 479 3680 277 3255 2501 3738 1439 3250 2832 1491 3148 1149 3623 743 2874 2231 3616 434 2522 2720 1199 2388 1864 880 1971 2182 2117 884 2518 978 900 1755 2776 2408 613 3685 698 2699 858 854 3815 1963 3587 230 1469 2372 3349 2734 387 2883 2419 2335 347 1616 536 1434 1077 1553 342 3594 3523 997 1526 573 3712 
814 2311 3066 373 3278 474 2260 692 2238 665 1324 2353 3244 3191 1423 524 1418 672 0 2207 1075 588 1584 820 1982 781 2367 1219 2894 2938 890 1332 3337 2618 2352 1008 3265 897 2872 1980 3512 814 3063 2350 1536 2929 1047 3327 432 2420 1940 3253 280 1983 2520 531 2173 1518 1206 1903 1841 2028 631 2012 498 498 1307 2383 1964 593 3449 924 2255 1139 235 3332 1831 3219 442 807 2002 2855 2529 711 2511 2299 2068 507 980 376 1409 577 1224 668 3094 3152 326 1476 1210 3455 
1405 1604 935 2509 1656 1744 243 1729 282 1872 1335 154 1951 1117 1356 2585 1369 2365 2207 0 1649 2653 770 2317 731 2912 181 1059 828 1117 2086 1154 1998 531 294 2114 1689 2284 1244 1441 1381 1876 885 1387 968 798 1223 1347 1790 1283 502 1484 2359 1543 373 2149 204 845 1695 456 687 316 1589 1375 2655 2690 1189 977 1078 2747 1336 1709 1155 1650 2033 2053 403 1469 2286 2107 776 1749 392 1987 957 156 391 2535 1922 1947 952 1695 1034 2646 1950 1423 2212 853 2382 1380 
886 2502 2583 1445 3136 738 1807 1229 1808 421 349 1801 3268 2761 403 1163 393 818 1075 1649 0 1216 880 712 1811 1837 1755 1139 2465 2666 1672 497 3345 2164 1667 466 3147 658 2699 2180 3028 1474 2523 2427 706 2446 572 2971 746 2427 1638 3028 1035 2232 2019 1433 1715 1373 151 1216 1646 1367 675 2171 1556 1523 1416 2254 1980 1371 2984 152 2247 67 1084 3369 1253 3003 853 1620 1853 2936 2036 448 2333 1675 1709 1104 1645 701 699 1028 1103 1153 3179 2944 1317 799 739 3026 
1330 2897 3552 661 3840 938 2741 1277 2725 830 1545 2805 3825 3693 1616 71 1607 432 588 2653 1216 0 1951 605 2523 843 2798 1746 3393 3475 1443 1625 3917 3106 2755 911 3831 701 3427 2566 4002 1395 3531 2930 1846 3413 1435 3849 891 2994 2451 3802 325 2570 2992 1076 2650 2048 1296 2292 2373 2432 1080 2596 653 550 1872 2939 2534 187 3944 1079 2826 1263 821 3914 2258 3770 377 1356 2547 3438 3003 768 3061 2724 2570 119 1555 710 1762 1145 1741 134 3679 3704 860 1847 964 3960 
883 1922 1704 1929 2329 1111 943 1296 951 1137 570 922 2532 1885 607 1886 620 1625 1584 770 880 1951 0 1561 1084 2346 879 750 1592 1826 1740 384 2597 1292 809 1345 2349 1522 1895 1648 2149 1511 1645 1779 221 1568 538 2105 1152 1734 857 2194 1684 1730 1142 1677 854 786 927 346 935 494 956 1611 2070 2081 1030 1499 1351 2067 2105 948 1564 880 1459 2635 383 2173 1576 1730 1133 2247 1159 1240 1546 799 888 1833 1622 1267 192 1181 703 1927 2479 2118 1675 108 1613 2149 
1207 2895 3246 1102 3692 844 2448 1351 2443 474 1061 2470 3756 3411 1106 579 1095 182 820 2317 712 605 1561 0 2349 1400 2438 1589 3111 3264 1677 1191 3841 2814 2364 314 3694 97 3261 2559 3696 1550 3200 2874 1409 3108 1121 3602 811 2907 2221 3615 604 2587 2679 1338 2355 1876 749 1905 2187 2054 918 2570 1157 1080 1800 2789 2442 789 3646 614 2729 741 980 3852 1915 3587 387 1600 2383 3392 2694 339 2889 2359 2316 527 1729 613 1371 1160 1568 501 3637 3524 1145 1467 398 3679 
1195 894 1184 2204 1344 1591 556 1356 507 1875 1593 768 1465 1255 1662 2453 1673 2341 1982 731 1811 2523 1084 2349 0 2568 886 780 981 956 1588 1391 1537 775 1024 2232 1347 2346 914 711 1595 1418 1243 709 1300 1063 1255 1353 1637 651 255 1281 2202 813 772 1758 536 479 1910 964 165 910 1463 645 2348 2411 707 445 348 2570 1522 1810 484 1839 1766 1566 781 1249 2199 1633 52 1164 765 2012 543 885 341 2414 1404 1834 1183 1408 790 2553 1398 1184 1882 1099 2529 1506 
1511 2671 3717 418 3766 1239 2932 1217 2903 1417 2103 3051 3640 3817 2199 840 2193 1219 781 2912 1837 843 2346 1400 2568 0 3082 1870 3529 3505 1079 2111 3739 3274 3086 1671 3742 1494 3396 2374 4150 1174 3735 2776 2312 3584 1812 3916 1202 2880 2580 3785 826 2344 3196 813 2850 2145 1957 2650 2449 2766 1391 2426 284 324 1862 2916 2464 670 4081 1685 2738 1897 891 3716 2559 3748 1044 1003 2575 3241 3201 1428 3059 3019 2719 883 1256 1149 2178 1218 1887 976 3463 3680 703 2238 1787 4072 
1572 1738 847 2676 1676 1900 346 1905 395 2004 1428 137 2009 1047 1437 2731 1450 2496 2367 181 1755 2798 879 2438 886 3082 0 1235 779 1125 2266 1258 2048 504 179 2221 1715 2401 1285 1595 1280 2056 770 1511 1058 718 1364 1300 1946 1395 672 1483 2510 1698 336 2324 350 1025 1789 540 858 389 1744 1526 2822 2854 1370 1080 1231 2898 1243 1826 1281 1750 2199 2109 541 1472 2428 2286 928 1837 359 2114 1036 82 547 2680 2103 2095 1068 1865 1209 2786 2026 1433 2382 972 2481 1300 
416 1364 1856 1479 2114 812 1063 671 1034 1118 1027 1189 2171 1973 1126 1675 1133 1568 1219 1059 1139 1746 750 1589 780 1870 1235 0 1677 1729 1050 852 2254 1409 1273 1509 2112 1596 1690 1042 2297 830 1867 1301 886 1720 572 2110 858 1321 722 2060 1426 1100 1326 1092 981 303 1266 912 628 982 686 1032 1626 1674 301 1209 859 1800 2233 1100 1142 1182 1016 2268 761 2028 1420 1061 807 1817 1332 1257 1321 1182 855 1635 906 1055 710 660 48 1774 2062 1963 1168 684 1809 2236 
2081 1501 215 3150 973 2459 664 2313 672 2652 2159 686 1398 302 2184 3323 2197 3143 2894 828 2465 3393 1592 3111 981 3529 779 1677 0 441 2568 1974 1410 301 938 2927 1026 3087 684 1518 622 2395 338 1245 1794 149 1996 523 2506 1087 956 743 3083 1615 457 2725 757 1387 2519 1283 1081 1138 2313 1437 3297 3350 1677 809 1211 3465 556 2513 1075 2470 2693 1486 1213 743 3040 2612 987 1356 437 2776 671 855 826 3277 2384 2685 1766 2336 1671 3401 1478 720 2833 1667 3202 570 
2145 1191 593 3153 554 2539 895 2302 879 2793 2391 1006 957 483 2433 3404 2445 3272 2938 1117 2666 3475 1826 3264 956 3505 1125 1729 441 0 2483 2195 971 626 1300 3114 598 3252 262 1292 794 2338 755 945 2043 586 2147 428 2585 784 1044 369 3155 1376 791 2693 978 1427 2740 1561 1102 1431 2406 1214 3296 3362 1651 602 1062 3525 712 2692 839 2681 2721 1046 1447 352 3143 2539 939 942 768 2925 451 1190 957 3364 2295 2779 1980 2363 1735 3500 1043 308 2829 1883 3402 644 
887 1593 2770 845 2701 945 2041 465 2003 1367 1772 2202 2562 2839 1885 1388 1886 1549 890 2086 1672 1443 1740 1677 1588 1079 2266 1050 2568 2483 0 1676 2661 2345 2319 1794 2674 1740 2350 1298 3181 230 2816 1703 1807 2645 1315 2905 949 1814 1662 2738 1166 1266 2300 367 1974 1247 1823 1956 1501 2032 1001 1354 952 1053 911 1883 1423 1381 3107 1547 1683 1737 698 2638 1811 2700 1322 88 1585 2162 2301 1472 2032 2220 1809 1384 188 1093 1633 649 1087 1543 2385 2632 584 1649 2045 3082 
791 2166 2087 1697 2684 881 1321 1211 1326 796 202 1305 2855 2268 281 1563 290 1270 1332 1154 497 1625 384 1191 1391 2111 1258 852 1974 2195 1676 0 2925 1673 1175 963 2699 1147 2247 1865 2532 1452 2026 2055 222 1951 362 2485 914 2032 1191 2560 1384 1934 1525 1535 1230 1006 547 720 1231 870 744 1841 1829 1823 1152 1826 1611 1757 2488 578 1855 497 1253 2957 762 2538 1248 1647 1437 2546 1542 883 1888 1178 1244 1507 1595 980 216 1050 806 1586 2784 2481 1485 313 1229 2532 
2641 1070 1533 3459 475 3030 1757 2649 1724 3372 3127 1917 101 1361 3191 3849 3203 3809 3337 1998 3345 3917 2597 3841 1537 3739 2048 2254 1410 971 2661 2925 0 1572 2226 3754 408 3849 765 1372 1552 2592 1703 988 2818 1552 2781 1127 3072 935 1741 734 3594 1396 1727 2961 1819 1980 3446 2399 1701 2292 2928 1330 3587 3676 2057 1101 1401 3924 1482 3335 1112 3374 3104 93 2247 713 3638 2737 1494 500 1704 3511 1059 2102 1720 3820 2485 3279 2714 2775 2278 3972 312 708 3144 2626 4053 1367 
1804 1452 449 2887 1179 2176 367 2060 382 2356 1860 396 1543 599 1885 3036 1898 2848 2618 531 2164 3106 1292 2814 775 3274 504 1409 301 626 2345 1673 1572 0 676 2626 1221 2788 810 1402 897 2160 472 1201 1495 312 1700 817 2223 1056 695 979 2799 1504 169 2477 460 1130 2218 987 845 844 2027 1323 3034 3082 1440 742 1061 3183 839 2214 996 2170 2423 1640 912 969 2750 2383 794 1425 146 2479 644 574 555 2990 2165 2397 1466 2069 1398 3111 1586 932 2574 1366 2901 866 
1577 1894 984 2675 1852 1880 509 1935 556 1945 1330 313 2187 1193 1327 2689 1340 2433 2352 294 1667 2755 809 2364 1024 3086 179 1273 938 1300 2319 1175 2226 676 0 2132 1891 2321 1463 1734 1401 2102 885 1672 963 863 1325 1455 1924 1561 792 1654 2478 1835 509 2349 494 1097 1688 464 974 325 1723 1668 2820 2845 1441 1250 1370 2864 1371 1750 1441 1657 2197 2287 528 1645 2381 2333 1069 2012 533 2048 1212 142 684 2636 2163 2061 1000 1876 1241 2734 2202 1607 2391 910 2381 1438 
1173 2858 3048 1337 3570 877 2266 1411 2266 442 805 2266 3673 3223 831 877 819 479 1008 2114 466 911 1345 314 2232 1671 2221 1509 2927 3114 1794 963 3754 2626 2132 0 3577 228 3134 2526 3493 1635 2989 2810 1170 2911 978 3430 859 2825 2077 3473 850 2566 2483 1486 2174 1774 462 1682 2068 1833 899 2528 1412 1348 1756 2677 2367 1091 3449 424 2646 476 1116 3772 1716 3447 628 1726 2271 3325 2499 323 2764 2140 2158 822 1815 703 1163 1206 1480 814 3570 3386 1316 1262 300 3489 
2519 1144 1134 3429 70 2915 1454 2591 1428 3221 2900 1590 434 955 2954 3762 2966 3680 3265 1689 3147 3831 2349 3694 1347 3742 1715 2112 1026 598 2674 2699 408 1221 1891 3577 0 3693 455 1382 1148 2572 1305 975 2569 1163 2599 721 2959 862 1511 326 3507 1433 1384 2941 1527 1819 3236 2115 1511 1996 2798 1321 3564 3644 1961 906 1303 3857 1076 3154 1013 3170 3037 497 1981 306 3526 2743 1312 647 1360 3358 815 1776 1462 3727 2490 3162 2485 2691 2129 3873 603 308 3106 2391 3872 963 
1225 2918 3216 1190 3689 879 2424 1398 2420 479 1005 2438 3766 3386 1043 675 1032 277 897 2284 658 701 1522 97 2346 1494 2401 1596 3087 3252 1740 1147 3849 2788 2321 228 3693 0 3256 2582 3665 1604 3165 2889 1361 3078 1105 3582 850 2916 2209 3605 693 2614 2650 1407 2331 1877 680 1865 2183 2015 939 2591 1249 1174 1818 2788 2452 885 3617 576 2738 680 1045 3862 1883 3578 472 1665 2381 3406 2665 339 2885 2321 2300 623 1784 660 1335 1201 1572 595 3652 3516 1219 1432 314 3653 
2103 962 851 3061 438 2500 1006 2213 978 2787 2447 1155 734 741 2500 3357 2512 3255 2872 1244 2699 3427 1895 3261 914 3396 1285 1690 684 262 2350 2247 765 810 1463 3134 455 3256 0 1105 1038 2223 1010 728 2115 832 2157 635 2545 574 1061 389 3104 1180 963 2586 1076 1392 2785 1664 1075 1547 2376 1032 3201 3274 1568 489 933 3464 956 2710 670 2720 2648 830 1527 352 3110 2412 884 681 940 2923 372 1341 1007 3320 2163 2745 2032 2295 1703 3461 795 284 2737 1938 3427 875 
1359 337 1731 2088 1414 1721 1259 1289 1209 2108 2053 1474 1275 1728 2145 2499 2153 2501 1980 1441 2180 2566 1648 2559 711 2374 1595 1042 1518 1292 1298 1865 1372 1402 1734 2526 1382 2582 1105 0 2066 1220 1833 407 1841 1637 1613 1717 1758 536 949 1481 2245 104 1444 1590 1246 868 2307 1621 781 1595 1644 81 2216 2304 771 715 365 2561 1985 2131 455 2224 1746 1358 1431 1442 2312 1371 668 879 1432 2247 865 1595 1051 2474 1118 1966 1687 1435 1081 2630 1115 1376 1773 1627 2824 1932 
2698 1985 451 3772 1080 3072 1262 2934 1278 3245 2706 1228 1581 344 2716 3932 2729 3738 3512 1381 3028 4002 2149 3696 1595 4150 1280 2297 622 794 3181 2532 1552 897 1401 3493 1148 3665 1038 2066 0 3012 516 1737 2336 591 2590 433 3119 1576 1576 827 3695 2156 1018 3345 1354 2009 3067 1818 1702 1667 2923 1987 3918 3970 2296 1355 1795 4079 83 3089 1612 3027 3313 1643 1782 855 3644 3227 1597 1689 1004 3364 1203 1361 1444 3886 2995 3293 2332 2956 2289 4005 1729 884 3455 2234 3758 186 
662 1537 2592 868 2594 765 1844 248 1808 1198 1554 1997 2495 2673 1667 1334 1669 1439 814 1876 1474 1395 1511 1550 1418 1174 2056 830 2395 2338 230 1452 2592 2160 2102 1635 2572 1604 2223 1220 3012 0 2630 1615 1579 2464 1091 2755 778 1711 1470 2612 1093 1205 2106 371 1773 1045 1625 1731 1317 1810 800 1266 997 1084 721 1745 1291 1363 2940 1357 1565 1538 592 2577 1589 2575 1218 232 1420 2098 2107 1314 1890 2007 1615 1320 181 945 1404 448 865 1481 2330 2507 559 1420 1900 2922 
2251 1835 172 3344 1245 2611 806 2525 833 2756 2197 732 1702 380 2204 3463 2217 3250 3063 885 2523 3531 1645 3200 1243 3735 770 1867 338 755 2816 2026 1703 472 885 2989 1305 3165 1010 1833 516 2630 0 1579 1826 199 2106 667 2658 1422 1162 995 3232 1933 544 2943 892 1595 2558 1309 1316 1158 2459 1753 3491 3535 1910 1134 1510 3618 490 2590 1400 2519 2876 1785 1287 1004 3168 2854 1258 1688 536 2871 1003 850 1019 3414 2637 2823 1831 2525 1852 3528 1798 998 3034 1734 3250 572 
1669 257 1453 2480 1008 2051 1166 1661 1117 2410 2253 1377 895 1411 2333 2862 2343 2832 2350 1387 2427 2930 1779 2874 709 2776 1511 1301 1245 945 1703 2055 988 1201 1672 2810 975 2889 728 407 1737 1615 1579 0 1990 1381 1856 1358 2092 162 961 1090 2607 464 1286 1985 1183 1058 2543 1672 846 1609 1957 350 2610 2696 1078 459 448 2937 1654 2399 233 2464 2117 986 1490 1050 2655 1774 658 518 1269 2550 576 1532 1012 2833 1521 2300 1857 1788 1332 2986 763 985 2161 1782 3110 1588 
924 2125 1896 1896 2549 1075 1154 1348 1166 1018 371 1115 2752 2084 392 1784 405 1491 1536 968 706 1846 221 1409 1300 2312 1058 886 1794 2043 1807 222 2818 1495 963 1170 2569 1361 2115 1841 2336 1579 1826 1990 0 1762 516 2311 1111 1950 1078 2411 1601 1919 1341 1699 1067 974 732 519 1148 670 929 1809 2031 2031 1181 1719 1557 1976 2296 797 1778 695 1441 2855 596 2390 1469 1786 1349 2464 1359 1105 1767 976 1108 1728 1707 1192 180 1205 838 1808 2697 2337 1668 215 1424 2345 
2115 1637 140 3198 1108 2485 673 2370 691 2655 2131 648 1542 330 2147 3344 2160 3148 2929 798 2446 3413 1568 3108 1063 3584 718 1720 149 586 2645 1951 1552 312 863 2911 1163 3078 832 1637 591 2464 199 1381 1762 0 2000 599 2532 1224 1005 869 3108 1736 429 2785 764 1439 2492 1245 1147 1096 2335 1557 3345 3393 1744 936 1318 3493 539 2503 1202 2447 2734 1630 1196 872 3055 2685 1075 1504 415 2775 805 798 866 3297 2463 2704 1749 2380 1710 3416 1626 855 2884 1650 3180 584 
430 1933 2139 1395 2592 575 1333 850 1325 657 486 1376 2703 2296 596 1368 600 1149 1047 1223 572 1435 538 1121 1255 1812 1364 572 1996 2147 1315 362 2781 1700 1325 978 2599 1105 2157 1613 2590 1091 2106 1856 516 2000 0 2482 615 1859 1105 2501 1153 1670 1573 1185 1240 804 694 866 1090 1000 421 1602 1534 1544 860 1699 1409 1540 2537 555 1679 612 931 2803 825 2474 1065 1287 1294 2365 1586 783 1787 1290 1196 1316 1235 736 366 694 534 1423 2609 2413 1155 430 1275 2565 
2523 1596 508 3556 653 2912 1165 2707 1164 3137 2673 1208 1151 288 2701 3779 2714 3623 3327 1347 2971 3849 2105 3602 1353 3916 1300 2110 523 428 2905 2485 1127 817 1455 3430 721 3582 635 1717 433 2755 667 1358 2311 599 2482 0 2959 1200 1399 396 3533 1799 978 3104 1257 1809 3031 1803 1486 1659 2772 1639 3701 3763 2057 1028 1487 3909 357 3012 1265 2979 3115 1217 1723 423 3507 2959 1342 1262 958 3264 876 1376 1289 3736 2717 3146 2274 2756 2110 3867 1297 452 3234 2175 3709 252 
443 2095 2670 786 2965 48 1860 554 1841 421 932 1939 2983 2806 1038 821 1035 743 432 1790 746 891 1152 811 1637 1202 1946 858 2506 2585 949 914 3072 2223 1924 859 2959 850 2545 1758 3119 778 2658 2092 1111 2532 615 2959 0 2139 1561 2917 577 1781 2115 688 1770 1160 893 1472 1484 1600 202 1775 922 929 1016 2060 1674 962 3059 608 1966 812 350 3076 1407 2885 568 889 1662 2608 2125 540 2177 1876 1681 779 957 209 978 353 851 917 2852 2819 586 1044 1131 3072 
1707 417 1293 2569 888 2097 1052 1737 1006 2438 2232 1259 850 1249 2306 2925 2316 2874 2420 1283 2427 2994 1734 2907 651 2880 1395 1321 1087 784 1814 2032 935 1056 1561 2825 862 2916 574 536 1576 1711 1422 162 1950 1224 1859 1200 2139 0 892 946 2670 607 1151 2080 1080 1055 2536 1599 804 1524 1993 467 2704 2785 1126 320 467 3010 1493 2409 180 2460 2188 948 1423 906 2706 1882 602 515 1133 2578 421 1422 922 2894 1629 2346 1827 1850 1346 3044 754 840 2248 1747 3125 1427 
1129 1147 1138 2196 1499 1514 383 1366 342 1750 1392 571 1675 1251 1452 2381 1463 2231 1940 502 1638 2451 857 2221 255 2580 672 722 956 1044 1662 1191 1741 695 792 2077 1511 2209 1061 949 1576 1470 1162 961 1078 1005 1105 1399 1561 892 0 1397 2137 1049 639 1782 331 435 1725 712 187 656 1374 888 2343 2394 752 642 592 2516 1511 1654 732 1659 1737 1778 532 1370 2109 1696 306 1398 639 1882 698 658 147 2338 1487 1748 977 1381 717 2468 1625 1310 1881 887 2369 1516 
2475 1303 824 3448 260 2871 1264 2599 1247 3142 2758 1367 756 634 2801 3732 2813 3616 3253 1484 3028 3802 2194 3615 1281 3785 1483 2060 743 369 2738 2560 734 979 1654 3473 326 3605 389 1481 827 2612 995 1090 2411 869 2501 396 2917 946 1397 0 3480 1551 1147 2975 1347 1758 3105 1929 1436 1799 2743 1411 3588 3660 1952 873 1322 3844 753 3050 1057 3045 3031 822 1815 40 3479 2800 1256 895 1124 3276 742 1551 1319 3694 2551 3114 2345 2676 2069 3833 906 107 3124 2249 3763 643 
1011 2578 3247 498 3516 624 2436 959 2418 618 1335 2509 3502 3382 1419 256 1412 434 280 2359 1035 325 1684 604 2202 826 2510 1426 3083 3155 1166 1384 3594 2799 2478 850 3507 693 3104 2245 3695 1093 3232 2607 1601 3108 1153 3533 577 2670 2137 3480 0 2252 2690 802 2346 1729 1144 2018 2054 2153 774 2273 563 503 1548 2616 2209 388 3636 886 2502 1092 507 3591 1970 3447 224 1082 2225 3116 2701 607 2738 2438 2258 230 1260 418 1498 820 1423 390 3357 3381 590 1577 1001 3649 
1395 332 1828 2072 1469 1746 1363 1294 1312 2142 2119 1577 1297 1820 2213 2504 2221 2522 1983 1543 2232 2570 1730 2587 813 2344 1698 1100 1615 1376 1266 1934 1396 1504 1835 2566 1433 2614 1180 104 2156 1205 1933 464 1919 1736 1670 1799 1781 607 1049 1551 2252 0 1547 1572 1349 946 2363 1714 878 1691 1677 181 2196 2288 817 809 468 2558 2075 2178 546 2278 1749 1375 1523 1511 2328 1342 771 898 1536 2281 957 1697 1153 2481 1091 1988 1760 1450 1141 2639 1125 1446 1762 1704 2863 2019 
1708 1530 568 2802 1343 2069 265 1989 298 2227 1707 230 1694 744 1729 2923 1742 2720 2520 373 2019 2992 1142 2679 772 3196 336 1326 457 791 2300 1525 1727 169 509 2483 1384 2650 963 1444 1018 2106 544 1286 1341 429 1573 978 2115 1151 639 1147 2690 1547 0 2409 348 1064 2068 827 808 682 1917 1368 2949 2993 1390 832 1089 3076 968 2074 1068 2022 2333 1792 768 1137 2631 2333 800 1553 24 2347 756 406 492 2875 2125 2283 1321 1983 1311 2992 1726 1098 2494 1222 2754 1008 
796 1903 2917 501 2962 698 2145 421 2113 1079 1593 2280 2864 3009 1703 1021 1702 1199 531 2149 1433 1076 1677 1338 1758 813 2324 1092 2725 2693 367 1535 2961 2477 2349 1486 2941 1407 2586 1590 3345 371 2943 1985 1699 2785 1185 3104 688 2080 1782 2975 802 1572 2409 0 2067 1349 1580 1943 1644 2041 801 1636 627 716 1052 2105 1654 1019 3275 1294 1932 1499 370 2945 1824 2938 970 281 1764 2467 2413 1168 2247 2268 1925 1018 495 786 1538 497 1116 1177 2697 2870 217 1576 1717 3263 
1360 1401 903 2455 1500 1723 94 1647 100 1897 1422 241 1768 1057 1458 2580 1471 2388 2173 204 1715 2650 854 2355 536 2850 350 981 757 978 1974 1230 1819 460 494 2174 1527 2331 1076 1246 1354 1773 892 1183 1067 764 1240 1257 1770 1080 331 1347 2346 1349 348 2067 0 728 1777 589 516 474 1573 1178 2602 2645 1065 778 882 2731 1298 1758 951 1724 1985 1870 472 1328 2291 2002 579 1552 357 2020 767 353 198 2533 1802 1940 1018 1636 964 2653 1757 1277 2148 919 2453 1325 
719 1161 1573 1764 1819 1114 801 931 766 1402 1200 956 1901 1680 1286 1978 1295 1864 1518 845 1373 2048 786 1876 479 2145 1025 303 1387 1427 1247 1006 1980 1130 1097 1774 1819 1877 1392 868 2009 1045 1595 1058 974 1439 804 1809 1160 1055 435 1758 1729 946 1064 1349 728 0 1485 827 326 852 985 838 1910 1964 345 914 611 2101 1942 1355 876 1408 1309 2000 644 1727 1721 1274 509 1563 1066 1540 1021 986 577 1938 1079 1356 820 951 312 2076 1806 1662 1447 759 2073 1941 
1031 2627 2626 1573 3222 887 1867 1380 1873 543 362 1844 3372 2811 371 1248 359 880 1206 1695 151 1296 927 749 1910 1957 1789 1266 2519 2740 1823 547 3446 2218 1688 462 3236 680 2785 2307 3067 1625 2558 2543 732 2492 694 3031 893 2536 1725 3105 1144 2363 2068 1580 1777 1485 0 1250 1746 1401 826 2296 1679 1639 1549 2351 2095 1461 3026 288 2357 89 1228 3473 1308 3082 949 1770 1953 3047 2085 540 2422 1708 1787 1190 1795 835 761 1179 1227 1222 3289 3024 1459 859 693 3074 
1153 1852 1378 2236 2088 1429 667 1540 688 1482 889 599 2343 1568 903 2227 916 1971 1903 456 1216 2292 346 1905 964 2650 540 912 1283 1561 1956 720 2399 987 464 1682 2115 1865 1664 1621 1818 1731 1309 1672 519 1245 866 1803 1472 1599 712 1929 2018 1714 827 1943 589 827 1250 0 848 152 1272 1570 2379 2398 1141 1325 1283 2404 1777 1291 1443 1211 1760 2446 192 1912 1918 1959 1016 2097 847 1586 1341 459 686 2174 1817 1601 537 1455 872 2270 2316 1863 1964 447 1942 1828 
1044 1007 1276 2077 1507 1438 562 1234 518 1713 1432 757 1627 1368 1503 2303 1514 2182 1841 687 1646 2373 935 2187 165 2449 858 628 1081 1102 1501 1231 1701 845 974 2068 1511 2183 1075 781 1702 1317 1316 846 1148 1147 1090 1486 1484 804 187 1436 2054 878 808 1644 516 326 1746 848 0 814 1307 725 2222 2280 598 610 436 2425 1633 1645 631 1674 1629 1728 659 1406 2044 1539 208 1318 806 1849 703 842 325 2263 1322 1680 1024 1271 635 2400 1555 1341 1757 943 2364 1626 
1260 1803 1228 2354 1966 1556 542 1631 570 1627 1040 453 2241 1421 1052 2366 1065 2117 2028 316 1367 2432 494 2054 910 2766 389 982 1138 1431 2032 870 2292 844 325 1833 1996 2015 1547 1595 1667 1810 1158 1609 670 1096 1000 1659 1600 1524 656 1799 2153 1691 682 2041 474 852 1401 152 814 0 1399 1538 2499 2522 1184 1237 1244 2540 1627 1441 1377 1362 1877 2343 222 1783 2059 2040 961 2012 702 1733 1239 308 602 2313 1885 1736 684 1561 946 2413 2224 1736 2075 591 2092 1680 
289 1980 2474 974 2800 158 1663 555 1646 466 792 1738 2841 2613 903 1011 902 884 631 1589 675 1080 956 918 1463 1391 1744 686 2313 2406 1001 744 2928 2027 1723 899 2798 939 2376 1644 2923 800 2459 1957 929 2335 421 2772 202 1993 1374 2743 774 1677 1917 801 1573 985 826 1272 1307 1399 0 1653 1114 1127 882 1894 1527 1160 2865 563 1817 738 513 2936 1205 2712 738 955 1492 2475 1928 604 2005 1674 1490 966 971 374 787 354 674 1095 2720 2647 742 848 1190 2880 
1366 332 1651 2132 1350 1736 1188 1321 1138 2115 2032 1404 1235 1648 2121 2528 2130 2518 2012 1375 2171 2596 1611 2570 645 2426 1526 1032 1437 1214 1354 1841 1330 1323 1668 2528 1321 2591 1032 81 1987 1266 1753 350 1809 1557 1602 1639 1775 467 888 1411 2273 181 1368 1636 1178 838 2296 1570 725 1538 1653 0 2262 2348 774 635 298 2596 1906 2128 376 2213 1778 1321 1380 1371 2333 1425 600 844 1356 2254 785 1529 985 2502 1172 1983 1658 1459 1069 2656 1084 1305 1815 1595 2826 1853 
1251 2527 3480 148 3584 961 2686 994 2659 1137 1820 2797 3490 3588 1916 631 1911 978 498 2655 1556 653 2070 1157 2348 284 2822 1626 3297 3296 952 1829 3587 3034 2820 1412 3564 1249 3201 2216 3918 997 3491 2610 2031 3345 1534 3701 922 2704 2343 3588 563 2196 2949 627 2602 1910 1679 2379 2222 2499 1114 2262 0 115 1646 2716 2271 513 3851 1405 2553 1618 624 3570 2294 3553 785 867 2360 3092 2956 1155 2855 2758 2480 663 1110 866 1899 967 1639 784 3321 3485 467 1962 1551 3847 
1287 2619 3530 217 3662 971 2730 1062 2705 1103 1801 2834 3579 3643 1894 535 1888 900 498 2690 1523 550 2081 1080 2411 324 2854 1674 3350 3362 1053 1823 3676 3082 2845 1348 3644 1174 3274 2304 3970 1084 3535 2696 2031 3393 1544 3763 929 2785 2394 3660 503 2288 2993 716 2645 1964 1639 2398 2280 2522 1127 2348 115 0 1712 2787 2347 401 3905 1372 2631 1583 660 3660 2321 3625 721 968 2424 3182 3000 1107 2924 2788 2529 571 1206 848 1906 1014 1685 683 3413 3557 538 1973 1470 3904 
594 1103 1873 1503 1972 974 1131 652 1093 1341 1325 1297 1968 1959 1426 1803 1433 1755 1307 1189 1416 1872 1030 1800 707 1862 1370 301 1677 1651 911 1152 2057 1440 1441 1756 1961 1818 1568 771 2296 721 1910 1078 1181 1744 860 2057 1016 1126 752 1952 1548 817 1390 1052 1065 345 1549 1141 598 1184 882 774 1646 1712 0 1080 662 1899 2225 1362 955 1464 1081 2061 968 1917 1581 944 715 1595 1391 1481 1213 1330 898 1770 738 1223 1008 731 348 1919 1840 1850 1179 975 2054 2212 
1618 711 1021 2576 906 2015 741 1726 697 2316 2028 944 1034 1014 2091 2869 2103 2776 2383 977 2254 2939 1499 2789 445 2916 1080 1209 809 602 1883 1826 1101 742 1250 2677 906 2788 489 715 1355 1745 1134 459 1719 936 1699 1028 2060 320 642 873 2616 809 832 2105 778 914 2351 1325 610 1237 1894 635 2716 2787 1080 0 461 2975 1274 2254 267 2281 2159 1136 1160 838 2626 1941 407 776 814 2453 154 1111 639 2833 1695 2262 1614 1807 1224 2976 992 771 2251 1526 2973 1228 
1241 574 1424 2133 1317 1631 896 1290 846 1974 1808 1110 1315 1451 1890 2465 1900 2408 1964 1078 1980 2534 1351 2442 348 2464 1231 859 1211 1062 1423 1611 1401 1061 1370 2367 1303 2452 933 365 1795 1291 1510 448 1557 1318 1409 1487 1674 467 592 1322 2209 468 1089 1654 882 611 2095 1283 436 1244 1527 298 2271 2347 662 461 0 2556 1716 1954 293 2017 1735 1411 1094 1285 2241 1482 304 959 1079 2114 612 1232 688 2432 1235 1880 1417 1391 887 2581 1204 1217 1809 1345 2666 1679 
1387 2888 3631 555 3870 1008 2821 1276 2802 970 1691 2897 3830 3764 1768 215 1760 613 593 2747 1371 187 2067 789 2570 670 2898 1800 3465 3525 1381 1757 3924 3183 2864 1091 3857 885 3464 2561 4079 1363 3618 2937 1976 3493 1540 3909 962 3010 2516 3844 388 2558 3076 1019 2731 2101 1461 2404 2425 2540 1160 2596 513 401 1899 2975 2556 0 4019 1230 2847 1422 822 3917 2357 3810 519 1294 2590 3439 3086 925 3102 2826 2639 273 1510 804 1880 1169 1800 314 3676 3743 808 1961 1151 4030 
2636 1902 402 3705 1008 3012 1206 2866 1220 3193 2665 1184 1508 268 2678 3874 2691 3685 3449 1336 2984 3944 2105 3646 1522 4081 1243 2233 556 712 3107 2488 1482 839 1371 3449 1076 3617 956 1985 83 2940 490 1654 2296 539 2537 357 3059 1493 1511 753 3636 2075 968 3275 1298 1942 3026 1777 1633 1627 2865 1906 3851 3905 2225 1274 1716 4019 0 3042 1531 2984 3248 1572 1734 780 3588 3154 1523 1609 953 3313 1122 1324 1381 3828 2921 3235 2287 2891 2226 3950 1653 807 3387 2188 3716 122 
802 2459 2641 1294 3146 605 1851 1114 1849 270 468 1862 3255 2812 539 1024 530 698 924 1709 152 1079 948 614 1810 1685 1826 1100 2513 2692 1547 578 3335 2214 1750 424 3154 576 2710 2131 3089 1357 2590 2399 797 2503 555 3012 608 2409 1654 3050 886 2178 2074 1294 1758 1355 288 1291 1645 1441 563 2128 1405 1372 1362 2254 1954 1230 3042 0 2229 215 940 3354 1308 3023 711 1491 1849 2912 2090 315 2341 1747 1736 966 1530 550 759 910 1068 1025 3156 2963 1171 857 720 3079 
1532 463 1288 2417 1031 1923 935 1578 887 2260 2055 1148 1029 1274 2130 2757 2141 2699 2255 1155 2247 2826 1564 2729 484 2738 1281 1142 1075 839 1683 1855 1112 996 1441 2646 1013 2738 670 455 1612 1565 1400 233 1778 1202 1679 1265 1966 180 732 1057 2502 546 1068 1932 951 876 2357 1443 631 1377 1817 376 2553 2631 955 267 293 2847 1531 2229 0 2281 2025 1127 1263 1018 2533 1747 433 692 1052 2399 412 1300 779 2725 1496 2172 1652 1683 1167 2874 933 950 2094 1573 2945 1478 
942 2544 2583 1508 3157 803 1815 1292 1818 481 329 1801 3299 2764 365 1212 355 858 1139 1650 67 1263 880 741 1839 1897 1750 1182 2470 2681 1737 497 3374 2170 1657 476 3170 680 2720 2224 3027 1538 2519 2464 695 2447 612 2979 812 2460 1659 3045 1092 2278 2022 1499 1724 1408 89 1211 1674 1362 738 2213 1618 1583 1464 2281 2017 1422 2984 215 2281 0 1150 3400 1258 3021 906 1685 1881 2970 2039 498 2355 1670 1726 1154 1707 765 706 1091 1145 1196 3213 2962 1383 805 733 3029 
629 2077 2871 478 3050 375 2071 457 2046 713 1281 2175 3010 2987 1387 756 1384 854 235 2033 1084 821 1459 980 1766 891 2199 1016 2693 2721 698 1253 3104 2423 2197 1116 3037 1045 2648 1746 3313 592 2876 2117 1441 2734 931 3115 350 2188 1737 3031 507 1749 2333 370 1985 1309 1228 1760 1629 1877 513 1778 624 660 1081 2159 1735 822 3248 940 2025 1150 0 3098 1671 2997 630 621 1783 2621 2340 798 2290 2135 1870 736 765 417 1297 359 1025 896 2860 2929 237 1352 1352 3250 
2649 1046 1616 3444 565 3035 1811 2642 1777 3384 3159 1976 103 1447 3225 3846 3236 3815 3332 2053 3369 3914 2635 3852 1566 3716 2109 2268 1486 1046 2638 2957 93 1640 2287 3772 497 3862 830 1358 1643 2577 1785 986 2855 1630 2803 1217 3076 948 1778 822 3591 1375 1792 2945 1870 2000 3473 2446 1728 2343 2936 1321 3570 3660 2061 1136 1411 3917 1572 3354 1127 3400 3098 0 2290 801 3641 2716 1521 479 1769 3524 1106 2160 1764 3818 2465 3284 2747 2773 2294 3971 260 792 3131 2661 4071 1458 
1049 1664 1334 2148 1958 1362 561 1412 570 1470 952 556 2187 1508 987 2190 1000 1963 1831 403 1253 2258 383 1915 781 2559 541 761 1213 1447 1811 762 2247 912 528 1716 1981 1883 1527 1431 1782 1589 1287 1490 596 1196 825 1723 1407 1423 532 1815 1970 1523 768 1824 472 644 1308 192 659 222 1205 1380 2294 2321 968 1160 1094 2357 1734 1308 1263 1258 1671 2290 0 1795 1889 1819 833 1927 784 1585 1189 470 527 2140 1664 1555 554 1348 725 2247 2150 1742 1864 455 1990 1774 
2443 1263 833 3413 243 2839 1246 2564 1228 3114 2736 1355 731 650 2780 3700 2792 3587 3219 1469 3003 3770 2173 3587 1249 3748 1472 2028 743 352 2700 2538 713 969 1645 3447 306 3578 352 1442 855 2575 1004 1050 2390 872 2474 423 2885 906 1370 40 3447 1511 1137 2938 1328 1727 3082 1912 1406 1783 2712 1371 3553 3625 1917 838 1285 3810 780 3023 1018 3021 2997 801 1795 0 3448 2763 1224 859 1114 3248 710 1539 1296 3662 2513 3083 2323 2643 2038 3802 876 69 3088 2226 3737 672 
1008 2648 3194 719 3531 612 2383 1048 2370 455 1174 2439 3548 3341 1249 316 1241 230 442 2286 853 377 1576 387 2199 1044 2428 1420 3040 3143 1322 1248 3638 2750 2381 628 3526 472 3110 2312 3644 1218 3168 2655 1469 3055 1065 3507 568 2706 2109 3479 224 2328 2631 970 2291 1721 949 1918 2044 2059 738 2333 785 721 1581 2626 2241 519 3588 711 2533 906 630 3641 1889 3448 0 1241 2226 3170 2643 409 2740 2353 2221 260 1393 365 1386 879 1410 362 3414 3383 768 1472 783 3609 
863 1671 2812 759 2769 887 2072 439 2035 1302 1734 2227 2638 2886 1847 1302 1847 1469 807 2107 1620 1356 1730 1600 1633 1003 2286 1061 2612 2539 88 1647 2737 2383 2333 1726 2743 1665 2412 1371 3227 232 2854 1774 1786 2685 1287 2959 889 1882 1696 2800 1082 1342 2333 281 2002 1274 1770 1959 1539 2040 955 1425 867 968 944 1941 1482 1294 3154 1491 1747 1685 621 2716 1819 2763 1241 0 1632 2239 2334 1404 2089 2238 1841 1298 254 1023 1615 607 1095 1458 2463 2694 497 1636 1971 3133 
1220 843 1193 2216 1311 1617 594 1366 544 1909 1639 808 1420 1255 1709 2477 1720 2372 2002 776 1853 2547 1133 2383 52 2575 928 807 987 939 1585 1437 1494 794 1069 2271 1312 2381 884 668 1597 1420 1258 658 1349 1075 1294 1342 1662 602 306 1256 2225 771 800 1764 579 509 1953 1016 208 961 1492 600 2360 2424 715 407 304 2590 1523 1849 433 1881 1783 1521 833 1224 2226 1632 0 1115 792 2046 515 930 386 2439 1399 1862 1230 1426 820 2579 1350 1158 1893 1147 2568 1503 
2187 570 1531 2966 705 2568 1509 2164 1467 2928 2746 1701 400 1416 2820 3371 2831 3349 2855 1749 2936 3438 2247 3392 1164 3241 1837 1817 1356 942 2162 2546 500 1425 2012 3325 647 3406 681 879 1689 2098 1688 518 2464 1504 2365 1262 2608 515 1398 895 3116 898 1553 2467 1552 1563 3047 2097 1318 2012 2475 844 3092 3182 1595 776 959 3439 1609 2912 692 2970 2621 479 1927 859 3170 2239 1115 0 1532 3068 802 1876 1413 3344 1988 2816 2342 2300 1845 3498 246 814 2652 2261 3625 1513 
1716 1514 553 2809 1320 2079 270 1993 300 2241 1726 251 1671 726 1748 2934 1761 2734 2529 392 2036 3003 1159 2694 765 3201 359 1332 437 768 2301 1542 1704 146 533 2499 1360 2665 940 1432 1004 2107 536 1269 1359 415 1586 958 2125 1133 639 1124 2701 1536 24 2413 357 1066 2085 847 806 702 1928 1356 2956 3000 1391 814 1079 3086 953 2090 1052 2039 2340 1769 784 1114 2643 2334 792 1532 0 2361 736 428 493 2886 2124 2294 1337 1989 1317 3004 1704 1075 2500 1238 2771 991 
889 2582 2914 1062 3355 561 2113 1093 2106 141 782 2141 3427 3076 849 715 840 387 711 1987 448 768 1240 339 2012 1428 2114 1257 2776 2925 1472 883 3511 2479 2048 323 3358 339 2923 2247 3364 1314 2871 2550 1105 2775 783 3264 540 2578 1882 3276 607 2281 2347 1168 2020 1540 540 1586 1849 1733 604 2254 1155 1107 1481 2453 2114 925 3313 315 2399 498 798 3524 1585 3248 409 1404 2046 3068 2361 0 2552 2036 1978 657 1494 383 1049 890 1235 711 3313 3185 1006 1143 594 3344 
